Time	Status code	Status category	Status color	Pgm code	Pgm step	Pgm para	Pgm cycle	mV	mA	Temperature	Duration	Charge count	Discharge count	Capacity	Analog input 1	Analog input 2	Analog input 3	Analog input 4	Digital input 1	Digital input 2	Digital input 3	Digital input 4	Digital output 1	Digital output 2	Digital output 3	Digital output 4	Analog output 1	Analog output 2	
0.000000	8	3	3	0	1	2	2	3933	675	24	51	1	0	0	0	0	0	0	0	0	0	0	0	0	0	0	0	0	
0.990717	8	3	3	0	1	2	2	3955	675	24	111	1	0	0	0	0	0	0	0	0	0	0	0	0	0	0	0	0	
2.004483	8	3	3	0	1	2	2	3971	674	24	172	1	0	0	0	0	0	0	0	0	0	0	0	0	0	0	0	0	
2.992317	8	3	3	0	1	2	2	3982	675	24	231	1	0	0	0	0	0	0	0	0	0	0	0	0	0	0	0	0	
4.004633	8	3	3	0	1	2	2	3991	676	24	292	1	0	0	0	0	0	0	0	0	0	0	0	0	0	0	0	0	
4.993917	8	3	3	0	1	2	2	3998	675	24	351	1	0	0	0	0	0	0	0	0	0	0	0	0	0	0	0	0	
5.988967	8	3	3	0	1	2	2	4004	675	24	411	1	0	0	0	0	0	0	0	0	0	0	0	0	0	0	0	0	
6.998400	8	3	3	0	1	2	2	4010	675	24	471	1	0	0	0	0	0	0	0	0	0	0	0	0	0	0	0	0	
7.993433	8	3	3	0	1	2	2	4016	674	24	531	1	0	0	0	0	0	0	0	0	0	0	0	0	0	0	0	0	
9.000000	8	3	3	0	1	2	2	4021	674	24	591	1	0	0	0	0	0	0	0	0	0	0	0	0	0	0	0	0	
9.990717	8	3	3	0	1	2	2	4026	676	24	651	1	0	0	0	0	0	0	0	0	0	0	0	0	0	0	0	0	
11.004483	8	3	3	0	1	2	2	4032	675	25	712	1	0	0	0	0	0	0	0	0	0	0	0	0	0	0	0	0	
11.990883	8	3	3	0	1	2	2	4037	674	25	771	1	0	0	0	0	0	0	0	0	0	0	0	0	0	0	0	0	
12.993117	8	3	3	0	1	2	2	4043	675	25	831	1	0	0	0	0	0	0	0	0	0	0	0	0	0	0	0	0	
14.001117	8	3	3	0	1	2	2	4050	675	25	891	1	0	0	0	0	0	0	0	0	0	0	0	0	0	0	0	0	
15.004800	8	3	3	0	1	2	2	4055	675	25	952	1	0	0	0	0	0	0	0	0	0	0	0	0	0	0	0	0	
15.991200	8	3	3	0	1	2	2	4061	674	25	1011	1	0	0	0	0	0	0	0	0	0	0	0	0	0	0	0	0	
16.993433	8	3	3	0	1	2	2	4066	674	25	1071	1	0	0	0	0	0	0	0	0	0	0	0	0	0	0	0	0	
17.997117	8	3	3	0	1	2	2	4073	675	25	1131	1	0	0	0	0	0	0	0	0	0	0	0	0	0	0	0	0	
18.997917	8	3	3	0	1	2	2	4079	675	25	1191	1	0	0	0	0	0	0	0	0	0	0	0	0	0	0	0	0	
19.998717	8	3	3	0	1	2	2	4086	674	25	1251	1	0	0	0	0	0	0	0	0	0	0	0	0	0	0	0	0	
21.002400	8	3	3	0	1	2	2	4092	675	25	1311	1	0	0	0	0	0	0	0	0	0	0	0	0	0	0	0	0	
22.003200	8	3	3	0	1	2	2	4099	675	25	1371	1	0	0	0	0	0	0	0	0	0	0	0	0	0	0	0	0	
23.004000	8	3	3	0	1	2	2	4104	674	25	1431	1	0	0	0	0	0	0	0	0	0	0	0	0	0	0	0	0	
24.004800	8	3	3	0	1	2	2	4111	676	25	1491	1	0	0	0	0	0	0	0	0	0	0	0	0	0	0	0	0	
25.005600	8	3	3	0	1	2	2	4118	674	25	1552	1	0	0	0	0	0	0	0	0	0	0	0	0	0	0	0	0	
25.990567	8	3	3	0	1	2	2	4122	666	25	1611	1	0	0	0	0	0	0	0	0	0	0	0	0	0	0	0	0	
26.991367	8	3	3	0	1	2	2	4128	663	25	1671	1	0	0	0	0	0	0	0	0	0	0	0	0	0	0	0	0	
27.993600	8	3	3	0	1	2	2	4134	662	25	1731	1	0	0	0	0	0	0	0	0	0	0	0	0	0	0	0	0	
29.001600	8	3	3	0	1	2	2	4140	660	25	1791	1	0	0	0	0	0	0	0	0	0	0	0	0	0	0	0	0	
29.990883	8	3	3	0	1	2	2	4147	662	25	1851	1	0	0	0	0	0	0	0	0	0	0	0	0	0	0	0	0	
30.991683	8	3	3	0	1	2	2	4155	665	25	1911	1	0	0	0	0	0	0	0	0	0	0	0	0	0	0	0	0	
31.992483	8	3	3	0	1	2	2	4162	664	25	1971	1	0	0	0	0	0	0	0	0	0	0	0	0	0	0	0	0	
32.993283	8	3	3	0	1	2	2	4168	662	25	2031	1	0	0	0	0	0	0	0	0	0	0	0	0	0	0	0	0	
33.992633	8	3	3	0	1	2	2	4175	661	25	2091	1	0	0	0	0	0	0	0	0	0	0	0	0	0	0	0	0	
34.997767	8	3	3	0	1	2	2	4182	660	25	2151	1	0	0	0	0	0	0	0	0	0	0	0	0	0	0	0	0	
35.998567	8	3	3	0	1	2	2	4188	658	25	2211	1	0	0	0	0	0	0	0	0	0	0	0	0	0	0	0	0	
36.999367	8	3	3	0	1	2	2	4195	656	25	2271	1	0	0	0	0	0	0	0	0	0	0	0	0	0	0	0	0	
38.000167	8	3	3	0	1	2	2	4198	643	25	2331	1	0	0	0	0	0	0	0	0	0	0	0	0	0	0	0	0	
39.000967	8	3	3	0	1	2	2	4198	616	25	2391	1	0	0	0	0	0	0	0	0	0	0	0	0	0	0	0	0	
40.004633	8	3	3	0	1	2	2	4198	595	25	2451	1	0	0	0	0	0	0	0	0	0	0	0	0	0	0	0	0	
41.005433	8	3	3	0	1	2	2	4199	575	25	2511	1	0	0	0	0	0	0	0	0	0	0	0	0	0	0	0	0	
41.993283	8	3	3	0	1	2	2	4199	553	25	2571	1	0	0	0	0	0	0	0	0	0	0	0	0	0	0	0	0	
42.992633	8	3	3	0	1	2	2	4198	534	25	2631	1	0	0	0	0	0	0	0	0	0	0	0	0	0	0	0	0	
43.997767	8	3	3	0	1	2	2	4198	513	25	2691	1	0	0	0	0	0	0	0	0	0	0	0	0	0	0	0	0	
44.998567	8	3	3	0	1	2	2	4198	496	25	2751	1	0	0	0	0	0	0	0	0	0	0	0	0	0	0	0	0	
45.999367	8	3	3	0	1	2	2	4198	479	25	2811	1	0	0	0	0	0	0	0	0	0	0	0	0	0	0	0	0	
47.000167	8	3	3	0	1	2	2	4199	462	25	2871	1	0	0	0	0	0	0	0	0	0	0	0	0	0	0	0	0	
48.005283	8	3	3	0	1	2	2	4199	445	25	2931	1	0	0	0	0	0	0	0	0	0	0	0	0	0	0	0	0	
49.004633	8	3	3	0	1	2	2	4198	429	25	2991	1	0	0	0	0	0	0	0	0	0	0	0	0	0	0	0	0	
50.005433	8	3	3	0	1	2	2	4199	414	25	3051	1	0	0	0	0	0	0	0	0	0	0	0	0	0	0	0	0	
51.006233	8	3	3	0	1	2	2	4198	399	25	3111	1	0	0	0	0	0	0	0	0	0	0	0	0	0	0	0	0	
52.007033	8	3	3	0	1	2	2	4198	385	25	3172	1	0	0	0	0	0	0	0	0	0	0	0	0	0	0	0	0	
52.993433	8	3	3	0	1	2	2	4199	373	25	3231	1	0	0	0	0	0	0	0	0	0	0	0	0	0	0	0	0	
53.997117	8	3	3	0	1	2	2	4198	358	25	3291	1	0	0	0	0	0	0	0	0	0	0	0	0	0	0	0	0	
55.000800	8	3	3	0	1	2	2	4199	347	25	3351	1	0	0	0	0	0	0	0	0	0	0	0	0	0	0	0	0	
56.001600	8	3	3	0	1	2	2	4198	334	25	3411	1	0	0	0	0	0	0	0	0	0	0	0	0	0	0	0	0	
57.006717	8	3	3	0	1	2	2	4199	326	25	3471	1	0	0	0	0	0	0	0	0	0	0	0	0	0	0	0	0	
58.011833	8	3	3	0	1	2	2	4198	311	25	3532	1	0	0	0	0	0	0	0	0	0	0	0	0	0	0	0	0	
58.996800	8	3	3	0	1	2	2	4199	301	25	3591	1	0	0	0	0	0	0	0	0	0	0	0	0	0	0	0	0	
60.000483	8	3	3	0	1	2	2	4198	290	25	3651	1	0	0	0	0	0	0	0	0	0	0	0	0	0	0	0	0	
61.001283	8	3	3	0	1	2	2	4198	281	25	3711	1	0	0	0	0	0	0	0	0	0	0	0	0	0	0	0	0	
62.002083	8	3	3	0	1	2	2	4198	272	25	3771	1	0	0	0	0	0	0	0	0	0	0	0	0	0	0	0	0	
63.005767	8	3	3	0	1	2	2	4198	263	25	3831	1	0	0	0	0	0	0	0	0	0	0	0	0	0	0	0	0	
64.006567	8	3	3	0	1	2	2	4199	255	25	3891	1	0	0	0	0	0	0	0	0	0	0	0	0	0	0	0	0	
65.008800	8	3	3	0	1	2	2	4198	249	25	3952	1	0	0	0	0	0	0	0	0	0	0	0	0	0	0	0	0	
65.993767	8	3	3	0	1	2	2	4198	239	25	4011	1	0	0	0	0	0	0	0	0	0	0	0	0	0	0	0	0	
66.994567	8	3	3	0	1	2	2	4198	231	25	4071	1	0	0	0	0	0	0	0	0	0	0	0	0	0	0	0	0	
67.995367	8	3	3	0	1	2	2	4198	223	25	4131	1	0	0	0	0	0	0	0	0	0	0	0	0	0	0	0	0	
68.996167	8	3	3	0	1	2	2	4198	216	25	4191	1	0	0	0	0	0	0	0	0	0	0	0	0	0	0	0	0	
69.999833	8	3	3	0	1	2	2	4198	209	25	4251	1	0	0	0	0	0	0	0	0	0	0	0	0	0	0	0	0	
71.000633	8	3	3	0	1	2	2	4199	204	25	4311	1	0	0	0	0	0	0	0	0	0	0	0	0	0	0	0	0	
72.002883	8	3	3	0	1	2	2	4199	199	25	4371	1	0	0	0	0	0	0	0	0	0	0	0	0	0	0	0	0	
73.010883	8	3	3	0	1	2	2	4198	191	25	4432	1	0	0	0	0	0	0	0	0	0	0	0	0	0	0	0	0	
73.995833	8	3	3	0	1	2	2	4198	185	25	4491	1	0	0	0	0	0	0	0	0	0	0	0	0	0	0	0	0	
74.996633	8	3	3	0	1	2	2	4198	180	25	4551	1	0	0	0	0	0	0	0	0	0	0	0	0	0	0	0	0	
75.997433	8	3	3	0	1	2	2	4199	174	25	4611	1	0	0	0	0	0	0	0	0	0	0	0	0	0	0	0	0	
77.002567	8	3	3	0	1	2	2	4198	171	25	4671	1	0	0	0	0	0	0	0	0	0	0	0	0	0	0	0	0	
78.003367	8	3	3	0	1	2	2	4198	165	25	4731	1	0	0	0	0	0	0	0	0	0	0	0	0	0	0	0	0	
79.007033	8	3	3	0	1	2	2	4198	160	25	4791	1	0	0	0	0	0	0	0	0	0	0	0	0	0	0	0	0	
80.007833	8	3	3	0	1	2	2	4199	155	25	4851	1	0	0	0	0	0	0	0	0	0	0	0	0	0	0	0	0	
81.008633	8	3	3	0	1	2	2	4199	151	25	4911	1	0	0	0	0	0	0	0	0	0	0	0	0	0	0	0	0	
82.009433	8	3	3	0	1	2	2	4198	146	25	4971	1	0	0	0	0	0	0	0	0	0	0	0	0	0	0	0	0	
83.010233	8	3	3	0	1	2	2	4198	142	25	5032	1	0	0	0	0	0	0	0	0	0	0	0	0	0	0	0	0	
83.995200	8	3	3	0	1	2	2	4198	137	25	5091	1	0	0	0	0	0	0	0	0	0	0	0	0	0	0	0	0	
84.996000	8	3	3	0	1	2	2	4199	134	24	5151	1	0	0	0	0	0	0	0	0	0	0	0	0	0	0	0	0	
85.996800	8	3	3	0	1	2	2	4199	131	25	5211	1	0	0	0	0	0	0	0	0	0	0	0	0	0	0	0	0	
87.001917	8	3	3	0	1	2	2	4199	130	25	5271	1	0	0	0	0	0	0	0	0	0	0	0	0	0	0	0	0	
88.009917	8	3	3	0	1	2	2	4198	123	25	5332	1	0	0	0	0	0	0	0	0	0	0	0	0	0	0	0	0	
88.997767	8	3	3	0	1	2	2	4198	122	25	5391	1	0	0	0	0	0	0	0	0	0	0	0	0	0	0	0	0	
89.997117	8	3	3	0	1	2	2	4198	118	25	5451	1	0	0	0	0	0	0	0	0	0	0	0	0	0	0	0	0	
90.997917	8	3	3	0	1	2	2	4199	114	25	5511	1	0	0	0	0	0	0	0	0	0	0	0	0	0	0	0	0	
92.001600	8	3	3	0	1	2	2	4199	110	25	5571	1	0	0	0	0	0	0	0	0	0	0	0	0	0	0	0	0	
93.002400	8	3	3	0	1	2	2	4198	108	25	5631	1	0	0	0	0	0	0	0	0	0	0	0	0	0	0	0	0	
94.003200	8	3	3	0	1	2	2	4198	106	25	5691	1	0	0	0	0	0	0	0	0	0	0	0	0	0	0	0	0	
95.004000	8	3	3	0	1	2	2	4198	102	25	5751	1	0	0	0	0	0	0	0	0	0	0	0	0	0	0	0	0	
96.004800	8	3	3	0	1	2	2	4198	100	24	5811	1	0	0	0	0	0	0	0	0	0	0	0	0	0	0	0	0	
97.008483	8	3	3	0	1	2	2	4198	98	24	5871	1	0	0	0	0	0	0	0	0	0	0	0	0	0	0	0	0	
98.009283	8	3	3	0	1	2	2	4198	96	25	5931	1	0	0	0	0	0	0	0	0	0	0	0	0	0	0	0	0	
99.010083	8	3	3	0	1	2	2	4198	93	25	5991	1	0	0	0	0	0	0	0	0	0	0	0	0	0	0	0	0	
100.010883	8	3	3	0	1	2	2	4199	93	25	6052	1	0	0	0	0	0	0	0	0	0	0	0	0	0	0	0	0	
100.995833	8	3	3	0	1	2	2	4199	92	25	6111	1	0	0	0	0	0	0	0	0	0	0	0	0	0	0	0	0	
102.009600	8	3	3	0	1	2	2	4198	86	25	6171	1	0	0	0	0	0	0	0	0	0	0	0	0	0	0	0	0	
103.010400	8	3	3	0	1	2	2	4198	84	25	6231	1	0	0	0	0	0	0	0	0	0	0	0	0	0	0	0	0	
104.009767	8	3	3	0	1	2	2	4198	82	25	6291	1	0	0	0	0	0	0	0	0	0	0	0	0	0	0	0	0	
105.010567	8	3	3	0	1	2	2	4198	81	25	6351	1	0	0	0	0	0	0	0	0	0	0	0	0	0	0	0	0	
106.011367	8	3	3	0	1	2	2	4198	79	25	6412	1	0	0	0	0	0	0	0	0	0	0	0	0	0	0	0	0	
106.996317	8	3	3	0	1	2	2	4198	78	24	6471	1	0	0	0	0	0	0	0	0	0	0	0	0	0	0	0	0	
107.997117	8	3	3	0	1	2	2	4198	76	24	6531	1	0	0	0	0	0	0	0	0	0	0	0	0	0	0	0	0	
108.997917	8	3	3	0	1	2	2	4198	74	24	6591	1	0	0	0	0	0	0	0	0	0	0	0	0	0	0	0	0	
109.998717	8	3	3	0	1	2	2	4198	74	25	6651	1	0	0	0	0	0	0	0	0	0	0	0	0	0	0	0	0	
110.999517	8	3	3	0	1	2	2	4198	71	24	6711	1	0	0	0	0	0	0	0	0	0	0	0	0	0	0	0	0	
112.003200	8	3	3	0	1	2	2	4199	70	25	6771	1	0	0	0	0	0	0	0	0	0	0	0	0	0	0	0	0	
113.005433	8	3	3	0	1	2	2	4199	70	24	6831	1	0	0	0	0	0	0	0	0	0	0	0	0	0	0	0	0	
113.281917	8	6	3	0	2	7	1	3949	-1301	25	6848	1	1	0	0	0	0	0	0	0	0	0	0	0	0	0	0	0	
114.013433	8	6	3	0	2	7	1	3857	-1349	25	6892	1	1	1	0	0	0	0	0	0	0	0	0	0	0	0	0	0	
114.998400	8	6	3	0	2	7	1	3757	-1349	24	6951	1	1	2	0	0	0	0	0	0	0	0	0	0	0	0	0	0	
115.999200	8	6	3	0	2	7	1	3638	-1349	25	7011	1	1	4	0	0	0	0	0	0	0	0	0	0	0	0	0	0	
117.007200	8	6	3	0	2	7	1	3562	-1351	25	7071	1	1	6	0	0	0	0	0	0	0	0	0	0	0	0	0	0	
118.010883	8	6	3	0	2	7	1	3503	-1349	25	7131	1	1	7	0	0	0	0	0	0	0	0	0	0	0	0	0	0	
119.011683	8	6	3	0	2	7	1	3452	-1349	24	7191	1	1	9	0	0	0	0	0	0	0	0	0	0	0	0	0	0	
120.012483	8	6	3	0	2	7	1	3408	-1349	24	7252	1	1	11	0	0	0	0	0	0	0	0	0	0	0	0	0	0	
120.997433	8	6	3	0	2	7	1	3371	-1349	24	7311	1	1	12	0	0	0	0	0	0	0	0	0	0	0	0	0	0	
121.998233	8	6	3	0	2	7	1	3340	-1349	24	7371	1	1	14	0	0	0	0	0	0	0	0	0	0	0	0	0	0	
122.999033	8	6	3	0	2	7	1	3309	-1350	24	7431	1	1	16	0	0	0	0	0	0	0	0	0	0	0	0	0	0	
123.999833	8	6	3	0	2	7	1	3279	-1349	25	7491	1	1	17	0	0	0	0	0	0	0	0	0	0	0	0	0	0	
125.002083	8	6	3	0	2	7	1	3248	-1351	25	7551	1	1	19	0	0	0	0	0	0	0	0	0	0	0	0	0	0	
126.005767	8	6	3	0	2	7	1	3216	-1349	25	7611	1	1	20	0	0	0	0	0	0	0	0	0	0	0	0	0	0	
127.006567	8	6	3	0	2	7	1	3179	-1350	25	7671	1	1	22	0	0	0	0	0	0	0	0	0	0	0	0	0	0	
128.007367	8	6	3	0	2	7	1	3135	-1350	25	7731	1	1	24	0	0	0	0	0	0	0	0	0	0	0	0	0	0	
129.011033	8	6	3	0	2	7	1	3077	-1351	25	7791	1	1	25	0	0	0	0	0	0	0	0	0	0	0	0	0	0	
130.011833	8	6	3	0	2	7	1	2998	-1350	25	7851	1	1	27	0	0	0	0	0	0	0	0	0	0	0	0	0	0	
131.015517	8	6	3	0	2	7	1	2890	-1350	25	7912	1	1	29	0	0	0	0	0	0	0	0	0	0	0	0	0	0	
132.000483	8	6	3	0	2	7	1	2738	-1349	25	7971	1	1	30	0	0	0	0	0	0	0	0	0	0	0	0	0	0	
132.275517	8	15	3	0	1	31	2	2985	29	25	7987	2	1	31	0	0	0	0	0	0	0	0	0	0	0	0	0	0	
132.295683	8	3	3	0	1	2	2	3601	679	25	7988	3	1	31	0	0	0	0	0	0	0	0	0	0	0	0	0	0	
133.008483	8	3	3	0	1	2	2	3931	676	25	8031	3	1	31	0	0	0	0	0	0	0	0	0	0	0	0	0	0	
134.013600	8	3	3	0	1	2	2	3988	675	25	8092	3	1	31	0	0	0	0	0	0	0	0	0	0	0	0	0	0	
135.000000	8	3	3	0	1	2	2	4020	675	25	8151	3	1	31	0	0	0	0	0	0	0	0	0	0	0	0	0	0	
135.999367	8	3	3	0	1	2	2	4042	675	25	8211	3	1	31	0	0	0	0	0	0	0	0	0	0	0	0	0	0	
137.004483	8	3	3	0	1	2	2	4059	675	25	8271	3	1	31	0	0	0	0	0	0	0	0	0	0	0	0	0	0	
138.008167	8	3	3	0	1	2	2	4072	674	25	8331	3	1	31	0	0	0	0	0	0	0	0	0	0	0	0	0	0	
139.011833	8	3	3	0	1	2	2	4085	674	25	8391	3	1	31	0	0	0	0	0	0	0	0	0	0	0	0	0	0	
140.012633	8	3	3	0	1	2	2	4096	675	25	8451	3	1	31	0	0	0	0	0	0	0	0	0	0	0	0	0	0	
141.013433	8	3	3	0	1	2	2	4106	675	25	8511	3	1	31	0	0	0	0	0	0	0	0	0	0	0	0	0	0	
142.014233	8	3	3	0	1	2	2	4116	675	25	8571	3	1	31	0	0	0	0	0	0	0	0	0	0	0	0	0	0	
142.999200	8	3	3	0	1	2	2	4124	668	25	8631	3	1	31	0	0	0	0	0	0	0	0	0	0	0	0	0	0	
144.000000	8	3	3	0	1	2	2	4132	666	25	8691	3	1	31	0	0	0	0	0	0	0	0	0	0	0	0	0	0	
145.002233	8	3	3	0	1	2	2	4140	662	24	8751	3	1	31	0	0	0	0	0	0	0	0	0	0	0	0	0	0	
146.007367	8	3	3	0	1	2	2	4149	662	25	8811	3	1	31	0	0	0	0	0	0	0	0	0	0	0	0	0	0	
147.006717	8	3	3	0	1	2	2	4158	664	25	8871	3	1	31	0	0	0	0	0	0	0	0	0	0	0	0	0	0	
148.007517	8	3	3	0	1	2	2	4167	664	25	8931	3	1	31	0	0	0	0	0	0	0	0	0	0	0	0	0	0	
149.014083	8	3	3	0	1	2	2	4175	664	25	8991	3	1	31	0	0	0	0	0	0	0	0	0	0	0	0	0	0	
150.014883	8	3	3	0	1	2	2	4184	661	25	9051	3	1	31	0	0	0	0	0	0	0	0	0	0	0	0	0	0	
151.014233	8	3	3	0	1	2	2	4192	661	25	9111	3	1	31	0	0	0	0	0	0	0	0	0	0	0	0	0	0	
152.000633	8	3	3	0	1	2	2	4198	648	25	9171	3	1	31	0	0	0	0	0	0	0	0	0	0	0	0	0	0	
153.001433	8	3	3	0	1	2	2	4198	611	25	9231	3	1	31	0	0	0	0	0	0	0	0	0	0	0	0	0	0	
154.000800	8	3	3	0	1	2	2	4198	580	25	9291	3	1	31	0	0	0	0	0	0	0	0	0	0	0	0	0	0	
155.003033	8	3	3	0	1	2	2	4199	550	24	9351	3	1	31	0	0	0	0	0	0	0	0	0	0	0	0	0	0	
156.002400	8	3	3	0	1	2	2	4198	522	24	9411	3	1	31	0	0	0	0	0	0	0	0	0	0	0	0	0	0	
157.007517	8	3	3	0	1	2	2	4198	497	25	9471	3	1	31	0	0	0	0	0	0	0	0	0	0	0	0	0	0	
158.008317	8	3	3	0	1	2	2	4198	474	24	9531	3	1	31	0	0	0	0	0	0	0	0	0	0	0	0	0	0	
159.007683	8	3	3	0	1	2	2	4199	452	24	9591	3	1	31	0	0	0	0	0	0	0	0	0	0	0	0	0	0	
160.014233	8	3	3	0	1	2	2	4198	430	25	9651	3	1	31	0	0	0	0	0	0	0	0	0	0	0	0	0	0	
161.003517	8	3	3	0	1	2	2	4198	411	24	9711	3	1	31	0	0	0	0	0	0	0	0	0	0	0	0	0	0	
162.008633	8	3	3	0	1	2	2	4199	393	24	9771	3	1	31	0	0	0	0	0	0	0	0	0	0	0	0	0	0	
163.009433	8	3	3	0	1	2	2	4198	375	24	9831	3	1	31	0	0	0	0	0	0	0	0	0	0	0	0	0	0	
164.010233	8	3	3	0	1	2	2	4199	358	25	9891	3	1	31	0	0	0	0	0	0	0	0	0	0	0	0	0	0	
165.011033	8	3	3	0	1	2	2	4199	342	24	9951	3	1	31	0	0	0	0	0	0	0	0	0	0	0	0	0	0	
166.014717	8	3	3	0	1	2	2	4198	327	24	10011	3	1	31	0	0	0	0	0	0	0	0	0	0	0	0	0	0	
167.015517	8	3	3	0	1	2	2	4198	314	24	10071	3	1	31	0	0	0	0	0	0	0	0	0	0	0	0	0	0	
168.016317	8	3	3	0	1	2	2	4199	300	24	10131	3	1	31	0	0	0	0	0	0	0	0	0	0	0	0	0	0	
169.017117	8	3	3	0	1	2	2	4198	288	24	10192	3	1	31	0	0	0	0	0	0	0	0	0	0	0	0	0	0	
170.002083	8	3	3	0	1	2	2	4199	276	24	10251	3	1	31	0	0	0	0	0	0	0	0	0	0	0	0	0	0	
171.002883	8	3	3	0	1	2	2	4199	265	24	10311	3	1	31	0	0	0	0	0	0	0	0	0	0	0	0	0	0	
172.002233	8	3	3	0	1	2	2	4198	254	24	10371	3	1	31	0	0	0	0	0	0	0	0	0	0	0	0	0	0	
173.010233	8	3	3	0	1	2	2	4198	244	24	10431	3	1	31	0	0	0	0	0	0	0	0	0	0	0	0	0	0	
174.012483	8	3	3	0	1	2	2	4199	238	24	10491	3	1	31	0	0	0	0	0	0	0	0	0	0	0	0	0	0	
175.020483	8	3	3	0	1	2	2	4198	225	24	10552	3	1	31	0	0	0	0	0	0	0	0	0	0	0	0	0	0	
176.005433	8	3	3	0	1	2	2	4198	217	24	10611	3	1	31	0	0	0	0	0	0	0	0	0	0	0	0	0	0	
177.009117	8	3	3	0	1	2	2	4198	209	24	10671	3	1	31	0	0	0	0	0	0	0	0	0	0	0	0	0	0	
178.009917	8	3	3	0	1	2	2	4198	201	24	10731	3	1	31	0	0	0	0	0	0	0	0	0	0	0	0	0	0	
179.010717	8	3	3	0	1	2	2	4199	195	24	10791	3	1	31	0	0	0	0	0	0	0	0	0	0	0	0	0	0	
180.011517	8	3	3	0	1	2	2	4198	186	24	10851	3	1	31	0	0	0	0	0	0	0	0	0	0	0	0	0	0	
181.015200	8	3	3	0	1	2	2	4198	179	24	10911	3	1	31	0	0	0	0	0	0	0	0	0	0	0	0	0	0	
182.016000	8	3	3	0	1	2	2	4198	173	24	10971	3	1	31	0	0	0	0	0	0	0	0	0	0	0	0	0	0	
183.016800	8	3	3	0	1	2	2	4198	166	24	11031	3	1	31	0	0	0	0	0	0	0	0	0	0	0	0	0	0	
184.019033	8	3	3	0	1	2	2	4199	163	24	11092	3	1	31	0	0	0	0	0	0	0	0	0	0	0	0	0	0	
185.005433	8	3	3	0	1	2	2	4198	155	24	11151	3	1	31	0	0	0	0	0	0	0	0	0	0	0	0	0	0	
186.006233	8	3	3	0	1	2	2	4198	149	24	11211	3	1	31	0	0	0	0	0	0	0	0	0	0	0	0	0	0	
187.009917	8	3	3	0	1	2	2	4199	144	24	11271	3	1	31	0	0	0	0	0	0	0	0	0	0	0	0	0	0	
188.010717	8	3	3	0	1	2	2	4199	139	24	11331	3	1	31	0	0	0	0	0	0	0	0	0	0	0	0	0	0	
189.012967	8	3	3	0	1	2	2	4199	136	24	11391	3	1	31	0	0	0	0	0	0	0	0	0	0	0	0	0	0	
190.016633	8	3	3	0	1	2	2	4198	128	24	11451	3	1	31	0	0	0	0	0	0	0	0	0	0	0	0	0	0	
191.017433	8	3	3	0	1	2	2	4199	125	24	11511	3	1	31	0	0	0	0	0	0	0	0	0	0	0	0	0	0	
192.018233	8	3	3	0	1	2	2	4198	120	24	11572	3	1	31	0	0	0	0	0	0	0	0	0	0	0	0	0	0	
193.003200	8	3	3	0	1	2	2	4199	117	24	11631	3	1	31	0	0	0	0	0	0	0	0	0	0	0	0	0	0	
194.004000	8	3	3	0	1	2	2	4199	112	24	11691	3	1	31	0	0	0	0	0	0	0	0	0	0	0	0	0	0	
195.004800	8	3	3	0	1	2	2	4198	110	24	11751	3	1	31	0	0	0	0	0	0	0	0	0	0	0	0	0	0	
196.007033	8	3	3	0	1	2	2	4199	108	24	11811	3	1	31	0	0	0	0	0	0	0	0	0	0	0	0	0	0	
197.013600	8	3	3	0	1	2	2	4198	101	24	11871	3	1	31	0	0	0	0	0	0	0	0	0	0	0	0	0	0	
198.017283	8	3	3	0	1	2	2	4199	98	24	11931	3	1	31	0	0	0	0	0	0	0	0	0	0	0	0	0	0	
199.018083	8	3	3	0	1	2	2	4199	96	24	11991	3	1	31	0	0	0	0	0	0	0	0	0	0	0	0	0	0	
200.018883	8	3	3	0	1	2	2	4199	93	24	12052	3	1	31	0	0	0	0	0	0	0	0	0	0	0	0	0	0	
201.003833	8	3	3	0	1	2	2	4198	89	24	12111	3	1	31	0	0	0	0	0	0	0	0	0	0	0	0	0	0	
202.004633	8	3	3	0	1	2	2	4198	86	24	12171	3	1	31	0	0	0	0	0	0	0	0	0	0	0	0	0	0	
203.006883	8	3	3	0	1	2	2	4199	86	24	12231	3	1	31	0	0	0	0	0	0	0	0	0	0	0	0	0	0	
204.014883	8	3	3	0	1	2	2	4199	81	24	12291	3	1	31	0	0	0	0	0	0	0	0	0	0	0	0	0	0	
205.018567	8	3	3	0	1	2	2	4198	78	24	12351	3	1	31	0	0	0	0	0	0	0	0	0	0	0	0	0	0	
206.019367	8	3	3	0	1	2	2	4198	77	24	12412	3	1	31	0	0	0	0	0	0	0	0	0	0	0	0	0	0	
207.004317	8	3	3	0	1	2	2	4198	74	24	12471	3	1	31	0	0	0	0	0	0	0	0	0	0	0	0	0	0	
208.006567	8	3	3	0	1	2	2	4199	75	24	12531	3	1	31	0	0	0	0	0	0	0	0	0	0	0	0	0	0	
209.014567	8	3	3	0	1	2	2	4199	70	24	12591	3	1	31	0	0	0	0	0	0	0	0	0	0	0	0	0	0	
210.018233	8	3	3	0	1	2	2	4199	68	24	12651	3	1	31	0	0	0	0	0	0	0	0	0	0	0	0	0	0	
210.597117	8	6	3	0	2	7	1	3936	-1351	24	12686	3	2	0	0	0	0	0	0	0	0	0	0	0	0	0	0	0	
211.020483	8	6	3	0	2	7	1	3881	-1350	24	12712	3	2	0	0	0	0	0	0	0	0	0	0	0	0	0	0	0	
212.006883	8	6	3	0	2	7	1	3788	-1349	24	12771	3	2	2	0	0	0	0	0	0	0	0	0	0	0	0	0	0	
213.007683	8	6	3	0	2	7	1	3643	-1350	24	12831	3	2	3	0	0	0	0	0	0	0	0	0	0	0	0	0	0	
214.008483	8	6	3	0	2	7	1	3547	-1350	24	12891	3	2	5	0	0	0	0	0	0	0	0	0	0	0	0	0	0	
215.012167	8	6	3	0	2	7	1	3486	-1351	24	12951	3	2	7	0	0	0	0	0	0	0	0	0	0	0	0	0	0	
216.012967	8	6	3	0	2	7	1	3435	-1350	24	13011	3	2	8	0	0	0	0	0	0	0	0	0	0	0	0	0	0	
217.013767	8	6	3	0	2	7	1	3392	-1350	24	13071	3	2	10	0	0	0	0	0	0	0	0	0	0	0	0	0	0	
218.016000	8	6	3	0	2	7	1	3356	-1349	24	13131	3	2	12	0	0	0	0	0	0	0	0	0	0	0	0	0	0	
219.019683	8	6	3	0	2	7	1	3326	-1349	24	13191	3	2	13	0	0	0	0	0	0	0	0	0	0	0	0	0	0	
220.021917	8	6	3	0	2	7	1	3296	-1349	24	13252	3	2	15	0	0	0	0	0	0	0	0	0	0	0	0	0	0	
221.006883	8	6	3	0	2	7	1	3269	-1348	24	13311	3	2	17	0	0	0	0	0	0	0	0	0	0	0	0	0	0	
222.007683	8	6	3	0	2	7	1	3236	-1349	24	13371	3	2	18	0	0	0	0	0	0	0	0	0	0	0	0	0	0	
223.008483	8	6	3	0	2	7	1	3197	-1351	24	13431	3	2	20	0	0	0	0	0	0	0	0	0	0	0	0	0	0	
224.012167	8	6	3	0	2	7	1	3147	-1349	24	13491	3	2	22	0	0	0	0	0	0	0	0	0	0	0	0	0	0	
225.012967	8	6	3	0	2	7	1	3084	-1350	24	13551	3	2	23	0	0	0	0	0	0	0	0	0	0	0	0	0	0	
226.013767	8	6	3	0	2	7	1	2995	-1350	24	13611	3	2	25	0	0	0	0	0	0	0	0	0	0	0	0	0	0	
227.014567	8	6	3	0	2	7	1	2870	-1350	24	13671	3	2	27	0	0	0	0	0	0	0	0	0	0	0	0	0	0	
228.015367	8	6	3	0	2	7	1	2701	-1350	24	13731	3	2	28	0	0	0	0	0	0	0	0	0	0	0	0	0	0	
228.098883	8	15	3	0	1	31	2	3490	543	24	13736	5	2	28	0	0	0	0	0	0	0	0	0	0	0	0	0	0	
228.119033	8	3	3	0	1	2	2	3674	680	24	13737	5	2	28	0	0	0	0	0	0	0	0	0	0	0	0	0	0	
229.023367	8	3	3	0	1	2	2	3961	674	24	13792	5	2	28	0	0	0	0	0	0	0	0	0	0	0	0	0	0	
230.008317	8	3	3	0	1	2	2	4011	675	24	13851	5	2	28	0	0	0	0	0	0	0	0	0	0	0	0	0	0	
231.009117	8	3	3	0	1	2	2	4043	674	24	13911	5	2	28	0	0	0	0	0	0	0	0	0	0	0	0	0	0	
232.014233	8	3	3	0	1	2	2	4065	674	24	13971	5	2	28	0	0	0	0	0	0	0	0	0	0	0	0	0	0	
233.007833	8	3	3	0	1	2	2	4082	675	24	14031	5	2	28	0	0	0	0	0	0	0	0	0	0	0	0	0	0	
234.008633	8	3	3	0	1	2	2	4096	674	24	14091	5	2	28	0	0	0	0	0	0	0	0	0	0	0	0	0	0	
235.008000	8	3	3	0	1	2	2	4109	674	24	14151	5	2	28	0	0	0	0	0	0	0	0	0	0	0	0	0	0	
236.008800	8	3	3	0	1	2	2	4118	668	24	14211	5	2	28	0	0	0	0	0	0	0	0	0	0	0	0	0	0	
237.013917	8	3	3	0	1	2	2	4129	666	24	14271	5	2	28	0	0	0	0	0	0	0	0	0	0	0	0	0	0	
238.014717	8	3	3	0	1	2	2	4139	664	24	14331	5	2	28	0	0	0	0	0	0	0	0	0	0	0	0	0	0	
239.015517	8	3	3	0	1	2	2	4148	662	24	14391	5	2	28	0	0	0	0	0	0	0	0	0	0	0	0	0	0	
240.016317	8	3	3	0	1	2	2	4157	661	24	14451	5	2	28	0	0	0	0	0	0	0	0	0	0	0	0	0	0	
241.017117	8	3	3	0	1	2	2	4166	659	24	14511	5	2	28	0	0	0	0	0	0	0	0	0	0	0	0	0	0	
242.020800	8	3	3	0	1	2	2	4175	658	24	14571	5	2	28	0	0	0	0	0	0	0	0	0	0	0	0	0	0	
243.021600	8	3	3	0	1	2	2	4183	655	24	14631	5	2	28	0	0	0	0	0	0	0	0	0	0	0	0	0	0	
244.023833	8	3	3	0	1	2	2	4191	653	24	14692	5	2	28	0	0	0	0	0	0	0	0	0	0	0	0	0	0	
245.008800	8	3	3	0	1	2	2	4198	644	24	14751	5	2	28	0	0	0	0	0	0	0	0	0	0	0	0	0	0	
246.009600	8	3	3	0	1	2	2	4199	606	24	14811	5	2	28	0	0	0	0	0	0	0	0	0	0	0	0	0	0	
247.011833	8	3	3	0	1	2	2	4199	575	24	14871	5	2	28	0	0	0	0	0	0	0	0	0	0	0	0	0	0	
248.015517	8	3	3	0	1	2	2	4199	542	24	14931	5	2	28	0	0	0	0	0	0	0	0	0	0	0	0	0	0	
249.016317	8	3	3	0	1	2	2	4198	512	24	14991	5	2	28	0	0	0	0	0	0	0	0	0	0	0	0	0	0	
250.017117	8	3	3	0	1	2	2	4198	485	24	15051	5	2	28	0	0	0	0	0	0	0	0	0	0	0	0	0	0	
251.020800	8	3	3	0	1	2	2	4199	460	24	15111	5	2	28	0	0	0	0	0	0	0	0	0	0	0	0	0	0	
252.021600	8	3	3	0	1	2	2	4198	438	24	15171	5	2	28	0	0	0	0	0	0	0	0	0	0	0	0	0	0	
253.022400	8	3	3	0	1	2	2	4199	416	24	15231	5	2	28	0	0	0	0	0	0	0	0	0	0	0	0	0	0	
254.023200	8	3	3	0	1	2	2	4199	396	24	15292	5	2	28	0	0	0	0	0	0	0	0	0	0	0	0	0	0	
255.024000	8	3	3	0	1	2	2	4198	377	24	15352	5	2	28	0	0	0	0	0	0	0	0	0	0	0	0	0	0	
256.008967	8	3	3	0	1	2	2	4199	362	24	15411	5	2	28	0	0	0	0	0	0	0	0	0	0	0	0	0	0	
257.016967	8	3	3	0	1	2	2	4199	344	24	15471	5	2	28	0	0	0	0	0	0	0	0	0	0	0	0	0	0	
258.017767	8	3	3	0	1	2	2	4198	328	24	15531	5	2	28	0	0	0	0	0	0	0	0	0	0	0	0	0	0	
259.021433	8	3	3	0	1	2	2	4198	313	24	15591	5	2	28	0	0	0	0	0	0	0	0	0	0	0	0	0	0	
260.022233	8	3	3	0	1	2	2	4199	299	24	15651	5	2	28	0	0	0	0	0	0	0	0	0	0	0	0	0	0	
261.023033	8	3	3	0	1	2	2	4198	287	24	15711	5	2	28	0	0	0	0	0	0	0	0	0	0	0	0	0	0	
262.013767	8	3	3	0	1	2	2	4199	273	24	15771	5	2	28	0	0	0	0	0	0	0	0	0	0	0	0	0	0	
263.017433	8	3	3	0	1	2	2	4198	263	24	15831	5	2	28	0	0	0	0	0	0	0	0	0	0	0	0	0	0	
264.022567	8	3	3	0	1	2	2	4199	252	24	15891	5	2	28	0	0	0	0	0	0	0	0	0	0	0	0	0	0	
265.021917	8	3	3	0	1	2	2	4198	241	24	15951	5	2	28	0	0	0	0	0	0	0	0	0	0	0	0	0	0	
266.022717	8	3	3	0	1	2	2	4198	231	24	16011	5	2	28	0	0	0	0	0	0	0	0	0	0	0	0	0	0	
267.023517	8	3	3	0	1	2	2	4198	221	24	16071	5	2	28	0	0	0	0	0	0	0	0	0	0	0	0	0	0	
268.028633	8	3	3	0	1	2	2	4198	211	24	16132	5	2	28	0	0	0	0	0	0	0	0	0	0	0	0	0	0	
269.013600	8	3	3	0	1	2	2	4198	204	24	16191	5	2	28	0	0	0	0	0	0	0	0	0	0	0	0	0	0	
270.017283	8	3	3	0	1	2	2	4198	195	24	16251	5	2	28	0	0	0	0	0	0	0	0	0	0	0	0	0	0	
271.018083	8	3	3	0	1	2	2	4199	187	24	16311	5	2	28	0	0	0	0	0	0	0	0	0	0	0	0	0	0	
272.018883	8	3	3	0	1	2	2	4198	179	24	16371	5	2	28	0	0	0	0	0	0	0	0	0	0	0	0	0	0	
273.022567	8	3	3	0	1	2	2	4199	173	24	16431	5	2	28	0	0	0	0	0	0	0	0	0	0	0	0	0	0	
274.023367	8	3	3	0	1	2	2	4198	166	24	16491	5	2	28	0	0	0	0	0	0	0	0	0	0	0	0	0	0	
275.024167	8	3	3	0	1	2	2	4199	159	24	16551	5	2	28	0	0	0	0	0	0	0	0	0	0	0	0	0	0	
276.026400	8	3	3	0	1	2	2	4199	156	24	16612	5	2	28	0	0	0	0	0	0	0	0	0	0	0	0	0	0	
277.012800	8	3	3	0	1	2	2	4199	147	24	16671	5	2	28	0	0	0	0	0	0	0	0	0	0	0	0	0	0	
278.017917	8	3	3	0	1	2	2	4198	141	24	16731	5	2	28	0	0	0	0	0	0	0	0	0	0	0	0	0	0	
279.017283	8	3	3	0	1	2	2	4199	136	24	16791	5	2	28	0	0	0	0	0	0	0	0	0	0	0	0	0	0	
280.022400	8	3	3	0	1	2	2	4198	130	24	16851	5	2	28	0	0	0	0	0	0	0	0	0	0	0	0	0	0	
281.026083	8	3	3	0	1	2	2	4198	125	24	16912	5	2	28	0	0	0	0	0	0	0	0	0	0	0	0	0	0	
282.012483	8	3	3	0	1	2	2	4198	121	24	16971	5	2	28	0	0	0	0	0	0	0	0	0	0	0	0	0	0	
283.011833	8	3	3	0	1	2	2	4198	118	24	17031	5	2	28	0	0	0	0	0	0	0	0	0	0	0	0	0	0	
284.012633	8	3	3	0	1	2	2	4199	113	24	17091	5	2	28	0	0	0	0	0	0	0	0	0	0	0	0	0	0	
285.017767	8	3	3	0	1	2	2	4198	110	24	17151	5	2	28	0	0	0	0	0	0	0	0	0	0	0	0	0	0	
286.018567	8	3	3	0	1	2	2	4198	104	24	17211	5	2	28	0	0	0	0	0	0	0	0	0	0	0	0	0	0	
287.017917	8	3	3	0	1	2	2	4198	101	24	17271	5	2	28	0	0	0	0	0	0	0	0	0	0	0	0	0	0	
288.018717	8	3	3	0	1	2	2	4198	99	24	17331	5	2	28	0	0	0	0	0	0	0	0	0	0	0	0	0	0	
289.019517	8	3	3	0	1	2	2	4198	96	24	17391	5	2	28	0	0	0	0	0	0	0	0	0	0	0	0	0	0	
290.021767	8	3	3	0	1	2	2	4199	94	24	17451	5	2	28	0	0	0	0	0	0	0	0	0	0	0	0	0	0	
291.012483	8	3	3	0	1	2	2	4199	90	24	17511	5	2	28	0	0	0	0	0	0	0	0	0	0	0	0	0	0	
292.014717	8	3	3	0	1	2	2	4198	86	24	17571	5	2	28	0	0	0	0	0	0	0	0	0	0	0	0	0	0	
293.019833	8	3	3	0	1	2	2	4198	82	24	17631	5	2	28	0	0	0	0	0	0	0	0	0	0	0	0	0	0	
294.019200	8	3	3	0	1	2	2	4198	80	24	17691	5	2	28	0	0	0	0	0	0	0	0	0	0	0	0	0	0	
295.020000	8	3	3	0	1	2	2	4198	77	24	17751	5	2	28	0	0	0	0	0	0	0	0	0	0	0	0	0	0	
296.025117	8	3	3	0	1	2	2	4198	75	24	17811	5	2	28	0	0	0	0	0	0	0	0	0	0	0	0	0	0	
297.025917	8	3	3	0	1	2	2	4198	72	24	17871	5	2	28	0	0	0	0	0	0	0	0	0	0	0	0	0	0	
298.026717	8	3	3	0	1	2	2	4198	70	24	17931	5	2	28	0	0	0	0	0	0	0	0	0	0	0	0	0	0	
299.026083	8	3	3	0	1	2	2	4199	67	24	17991	5	2	28	0	0	0	0	0	0	0	0	0	0	0	0	0	0	
299.399033	8	6	3	0	2	7	1	3944	-1349	24	18014	5	3	0	0	0	0	0	0	0	0	0	0	0	0	0	0	0	
300.013917	8	6	3	0	2	7	1	3874	-1350	24	18051	5	3	1	0	0	0	0	0	0	0	0	0	0	0	0	0	0	
301.014717	8	6	3	0	2	7	1	3763	-1350	24	18111	5	3	2	0	0	0	0	0	0	0	0	0	0	0	0	0	0	
302.015517	8	6	3	0	2	7	1	3613	-1349	24	18171	5	3	4	0	0	0	0	0	0	0	0	0	0	0	0	0	0	
303.020633	8	6	3	0	2	7	1	3526	-1350	24	18231	5	3	5	0	0	0	0	0	0	0	0	0	0	0	0	0	0	
304.021433	8	6	3	0	2	7	1	3468	-1349	24	18291	5	3	7	0	0	0	0	0	0	0	0	0	0	0	0	0	0	
305.026567	8	6	3	0	2	7	1	3420	-1349	24	18351	5	3	9	0	0	0	0	0	0	0	0	0	0	0	0	0	0	
306.014400	8	6	3	0	2	7	1	3382	-1350	24	18411	5	3	10	0	0	0	0	0	0	0	0	0	0	0	0	0	0	
307.015200	8	6	3	0	2	7	1	3348	-1348	24	18471	5	3	12	0	0	0	0	0	0	0	0	0	0	0	0	0	0	
308.014567	8	6	3	0	2	7	1	3316	-1350	24	18531	5	3	14	0	0	0	0	0	0	0	0	0	0	0	0	0	0	
309.019683	8	6	3	0	2	7	1	3284	-1350	24	18591	5	3	15	0	0	0	0	0	0	0	0	0	0	0	0	0	0	
310.020483	8	6	3	0	2	7	1	3250	-1350	24	18651	5	3	17	0	0	0	0	0	0	0	0	0	0	0	0	0	0	
311.021283	8	6	3	0	2	7	1	3209	-1350	24	18711	5	3	19	0	0	0	0	0	0	0	0	0	0	0	0	0	0	
312.020633	8	6	3	0	2	7	1	3160	-1351	24	18771	5	3	20	0	0	0	0	0	0	0	0	0	0	0	0	0	0	
313.021433	8	6	3	0	2	7	1	3092	-1351	24	18831	5	3	22	0	0	0	0	0	0	0	0	0	0	0	0	0	0	
314.025117	8	6	3	0	2	7	1	2994	-1349	24	18891	5	3	24	0	0	0	0	0	0	0	0	0	0	0	0	0	0	
315.028800	8	6	3	0	2	7	1	2850	-1350	24	18952	5	3	25	0	0	0	0	0	0	0	0	0	0	0	0	0	0	
316.015200	8	15	3	0	1	31	2	3374	289	24	19011	7	3	27	0	0	0	0	0	0	0	0	0	0	0	0	0	0	
316.041117	8	3	3	0	1	2	2	3689	678	24	19012	7	3	27	0	0	0	0	0	0	0	0	0	0	0	0	0	0	
317.021767	8	3	3	0	1	2	2	3971	675	24	19071	7	3	27	0	0	0	0	0	0	0	0	0	0	0	0	0	0	
318.021117	8	3	3	0	1	2	2	4021	675	24	19131	7	3	27	0	0	0	0	0	0	0	0	0	0	0	0	0	0	
319.023367	8	3	3	0	1	2	2	4053	675	24	19191	7	3	27	0	0	0	0	0	0	0	0	0	0	0	0	0	0	
320.031367	8	3	3	0	1	2	2	4075	672	24	19252	7	3	27	0	0	0	0	0	0	0	0	0	0	0	0	0	0	
321.016317	8	3	3	0	1	2	2	4093	675	24	19311	7	3	27	0	0	0	0	0	0	0	0	0	0	0	0	0	0	
322.021433	8	3	3	0	1	2	2	4107	674	24	19371	7	3	27	0	0	0	0	0	0	0	0	0	0	0	0	0	0	
323.022233	8	3	3	0	1	2	2	4119	671	24	19431	7	3	27	0	0	0	0	0	0	0	0	0	0	0	0	0	0	
324.021600	8	3	3	0	1	2	2	4129	665	24	19491	7	3	27	0	0	0	0	0	0	0	0	0	0	0	0	0	0	
325.022400	8	3	3	0	1	2	2	4140	663	24	19551	7	3	27	0	0	0	0	0	0	0	0	0	0	0	0	0	0	
326.027517	8	3	3	0	1	2	2	4150	661	24	19611	7	3	27	0	0	0	0	0	0	0	0	0	0	0	0	0	0	
327.032633	8	3	3	0	1	2	2	4159	658	24	19672	7	3	27	0	0	0	0	0	0	0	0	0	0	0	0	0	0	
328.017600	8	3	3	0	1	2	2	4168	658	24	19731	7	3	27	0	0	0	0	0	0	0	0	0	0	0	0	0	0	
329.022717	8	3	3	0	1	2	2	4178	655	24	19791	7	3	27	0	0	0	0	0	0	0	0	0	0	0	0	0	0	
330.023517	8	3	3	0	1	2	2	4187	653	24	19851	7	3	27	0	0	0	0	0	0	0	0	0	0	0	0	0	0	
331.022883	8	3	3	0	1	2	2	4195	651	24	19911	7	3	27	0	0	0	0	0	0	0	0	0	0	0	0	0	0	
332.028000	8	3	3	0	1	2	2	4198	622	24	19971	7	3	27	0	0	0	0	0	0	0	0	0	0	0	0	0	0	
333.028800	8	3	3	0	1	2	2	4199	585	24	20031	7	3	27	0	0	0	0	0	0	0	0	0	0	0	0	0	0	
334.015200	8	3	3	0	1	2	2	4199	552	24	20091	7	3	27	0	0	0	0	0	0	0	0	0	0	0	0	0	0	
335.021767	8	3	3	0	1	2	2	4198	520	24	20151	7	3	27	0	0	0	0	0	0	0	0	0	0	0	0	0	0	
336.022567	8	3	3	0	1	2	2	4198	491	24	20211	7	3	27	0	0	0	0	0	0	0	0	0	0	0	0	0	0	
337.023367	8	3	3	0	1	2	2	4199	465	24	20271	7	3	27	0	0	0	0	0	0	0	0	0	0	0	0	0	0	
338.028483	8	3	3	0	1	2	2	4198	441	24	20331	7	3	27	0	0	0	0	0	0	0	0	0	0	0	0	0	0	
339.032167	8	3	3	0	1	2	2	4198	419	24	20392	7	3	27	0	0	0	0	0	0	0	0	0	0	0	0	0	0	
340.017117	8	3	3	0	1	2	2	4198	398	24	20451	7	3	27	0	0	0	0	0	0	0	0	0	0	0	0	0	0	
341.017917	8	3	3	0	1	2	2	4198	378	24	20511	7	3	27	0	0	0	0	0	0	0	0	0	0	0	0	0	0	
342.021600	8	3	3	0	1	2	2	4198	361	24	20571	7	3	27	0	0	0	0	0	0	0	0	0	0	0	0	0	0	
343.022400	8	3	3	0	1	2	2	4199	343	24	20631	7	3	27	0	0	0	0	0	0	0	0	0	0	0	0	0	0	
344.023200	8	3	3	0	1	2	2	4198	327	24	20691	7	3	27	0	0	0	0	0	0	0	0	0	0	0	0	0	0	
345.024000	8	3	3	0	1	2	2	4198	312	24	20751	7	3	27	0	0	0	0	0	0	0	0	0	0	0	0	0	0	
346.024800	8	3	3	0	1	2	2	4199	297	24	20811	7	3	27	0	0	0	0	0	0	0	0	0	0	0	0	0	0	
347.028483	8	3	3	0	1	2	2	4198	285	24	20871	7	3	27	0	0	0	0	0	0	0	0	0	0	0	0	0	0	
348.030717	8	3	3	0	1	2	2	4199	274	24	20932	7	3	27	0	0	0	0	0	0	0	0	0	0	0	0	0	0	
349.020000	8	3	3	0	1	2	2	4199	261	24	20991	7	3	27	0	0	0	0	0	0	0	0	0	0	0	0	0	0	
350.025117	8	3	3	0	1	2	2	4199	252	24	21051	7	3	27	0	0	0	0	0	0	0	0	0	0	0	0	0	0	
351.030233	8	3	3	0	1	2	2	4198	238	24	21111	7	3	27	0	0	0	0	0	0	0	0	0	0	0	0	0	0	
352.031033	8	3	3	0	1	2	2	4199	228	24	21171	7	3	27	0	0	0	0	0	0	0	0	0	0	0	0	0	0	
353.030400	8	3	3	0	1	2	2	4198	219	24	21232	7	3	27	0	0	0	0	0	0	0	0	0	0	0	0	0	0	
354.016800	8	3	3	0	1	2	2	4198	210	24	21291	7	3	27	0	0	0	0	0	0	0	0	0	0	0	0	0	0	
355.017600	8	3	3	0	1	2	2	4198	201	24	21351	7	3	27	0	0	0	0	0	0	0	0	0	0	0	0	0	0	
356.018400	8	3	3	0	1	2	2	4198	192	24	21411	7	3	27	0	0	0	0	0	0	0	0	0	0	0	0	0	0	
357.017767	8	3	3	0	1	2	2	4198	185	24	21471	7	3	27	0	0	0	0	0	0	0	0	0	0	0	0	0	0	
358.018567	8	3	3	0	1	2	2	4199	178	24	21531	7	3	27	0	0	0	0	0	0	0	0	0	0	0	0	0	0	
359.023683	8	3	3	0	1	2	2	4198	170	24	21591	7	3	27	0	0	0	0	0	0	0	0	0	0	0	0	0	0	
360.023033	8	3	3	0	1	2	2	4198	164	24	21651	7	3	27	0	0	0	0	0	0	0	0	0	0	0	0	0	0	
361.023833	8	3	3	0	1	2	2	4199	157	24	21711	7	3	27	0	0	0	0	0	0	0	0	0	0	0	0	0	0	
362.028967	8	3	3	0	1	2	2	4198	153	24	21771	7	3	27	0	0	0	0	0	0	0	0	0	0	0	0	0	0	
363.018233	8	3	3	0	1	2	2	4198	144	24	21831	7	3	27	0	0	0	0	0	0	0	0	0	0	0	0	0	0	
364.024800	8	3	3	0	1	2	2	4199	139	24	21891	7	3	27	0	0	0	0	0	0	0	0	0	0	0	0	0	0	
365.025600	8	3	3	0	1	2	2	4198	134	24	21951	7	3	27	0	0	0	0	0	0	0	0	0	0	0	0	0	0	
366.030717	8	3	3	0	1	2	2	4199	129	24	22011	7	3	27	0	0	0	0	0	0	0	0	0	0	0	0	0	0	
367.030083	8	3	3	0	1	2	2	4198	124	24	22071	7	3	27	0	0	0	0	0	0	0	0	0	0	0	0	0	0	
368.030883	8	3	3	0	1	2	2	4198	120	24	22131	7	3	27	0	0	0	0	0	0	0	0	0	0	0	0	0	0	
369.031683	8	3	3	0	1	2	2	4198	114	24	22191	7	3	27	0	0	0	0	0	0	0	0	0	0	0	0	0	0	
370.032483	8	3	3	0	1	2	2	4199	111	24	22252	7	3	27	0	0	0	0	0	0	0	0	0	0	0	0	0	0	
371.018883	8	3	3	0	1	2	2	4198	107	24	22311	7	3	27	0	0	0	0	0	0	0	0	0	0	0	0	0	0	
372.018233	8	3	3	0	1	2	2	4199	103	24	22371	7	3	27	0	0	0	0	0	0	0	0	0	0	0	0	0	0	
373.019033	8	3	3	0	1	2	2	4199	100	24	22431	7	3	27	0	0	0	0	0	0	0	0	0	0	0	0	0	0	
374.021283	8	3	3	0	1	2	2	4199	98	24	22491	7	3	27	0	0	0	0	0	0	0	0	0	0	0	0	0	0	
375.026400	8	3	3	0	1	2	2	4198	93	24	22551	7	3	27	0	0	0	0	0	0	0	0	0	0	0	0	0	0	
376.027200	8	3	3	0	1	2	2	4198	89	24	22611	7	3	27	0	0	0	0	0	0	0	0	0	0	0	0	0	0	
377.032317	8	3	3	0	1	2	2	4199	89	24	22671	7	3	27	0	0	0	0	0	0	0	0	0	0	0	0	0	0	
378.021600	8	3	3	0	1	2	2	4198	83	24	22731	7	3	27	0	0	0	0	0	0	0	0	0	0	0	0	0	0	
379.025283	8	3	3	0	1	2	2	4199	81	24	22791	7	3	27	0	0	0	0	0	0	0	0	0	0	0	0	0	0	
380.026083	8	3	3	0	1	2	2	4198	77	24	22851	7	3	27	0	0	0	0	0	0	0	0	0	0	0	0	0	0	
381.026883	8	3	3	0	1	2	2	4198	75	24	22911	7	3	27	0	0	0	0	0	0	0	0	0	0	0	0	0	0	
382.027683	8	3	3	0	1	2	2	4198	73	24	22971	7	3	27	0	0	0	0	0	0	0	0	0	0	0	0	0	0	
383.031367	8	3	3	0	1	2	2	4198	70	24	23031	7	3	27	0	0	0	0	0	0	0	0	0	0	0	0	0	0	
384.032167	8	3	3	0	1	2	2	4198	68	24	23091	7	3	27	0	0	0	0	0	0	0	0	0	0	0	0	0	0	
384.554883	8	6	3	0	2	7	1	4092	-578	24	23123	7	4	0	0	0	0	0	0	0	0	0	0	0	0	0	0	0	
385.034400	8	6	3	0	2	7	1	3885	-1350	24	23152	7	4	0	0	0	0	0	0	0	0	0	0	0	0	0	0	0	
386.025117	8	6	3	0	2	7	1	3781	-1350	24	23211	7	4	2	0	0	0	0	0	0	0	0	0	0	0	0	0	0	
387.028800	8	6	3	0	2	7	1	3617	-1349	24	23271	7	4	3	0	0	0	0	0	0	0	0	0	0	0	0	0	0	
388.033917	8	6	3	0	2	7	1	3516	-1349	24	23331	7	4	5	0	0	0	0	0	0	0	0	0	0	0	0	0	0	
389.034717	8	6	3	0	2	7	1	3454	-1349	24	23392	7	4	7	0	0	0	0	0	0	0	0	0	0	0	0	0	0	
390.019683	8	6	3	0	2	7	1	3405	-1349	24	23451	7	4	8	0	0	0	0	0	0	0	0	0	0	0	0	0	0	
391.021917	8	6	3	0	2	7	1	3363	-1351	24	23511	7	4	10	0	0	0	0	0	0	0	0	0	0	0	0	0	0	
392.029917	8	6	3	0	2	7	1	3328	-1350	24	23571	7	4	12	0	0	0	0	0	0	0	0	0	0	0	0	0	0	
393.033600	8	6	3	0	2	7	1	3292	-1350	24	23631	7	4	13	0	0	0	0	0	0	0	0	0	0	0	0	0	0	
394.034400	8	6	3	0	2	7	1	3257	-1350	24	23692	7	4	15	0	0	0	0	0	0	0	0	0	0	0	0	0	0	
395.019367	8	6	3	0	2	7	1	3218	-1349	24	23751	7	4	17	0	0	0	0	0	0	0	0	0	0	0	0	0	0	
396.020167	8	6	3	0	2	7	1	3168	-1349	24	23811	7	4	18	0	0	0	0	0	0	0	0	0	0	0	0	0	0	
397.020967	8	6	3	0	2	7	1	3104	-1351	24	23871	7	4	20	0	0	0	0	0	0	0	0	0	0	0	0	0	0	
398.028967	8	6	3	0	2	7	1	3021	-1349	24	23931	7	4	22	0	0	0	0	0	0	0	0	0	0	0	0	0	0	
399.032633	8	6	3	0	2	7	1	2896	-1349	24	23991	7	4	23	0	0	0	0	0	0	0	0	0	0	0	0	0	0	
400.033433	8	6	3	0	2	7	1	2725	-1350	24	24051	7	4	25	0	0	0	0	0	0	0	0	0	0	0	0	0	0	
400.250883	8	15	3	0	1	31	2	3593	664	24	24064	9	4	25	0	0	0	0	0	0	0	0	0	0	0	0	0	0	
400.271033	8	3	3	0	1	2	2	3708	680	24	24066	9	4	25	0	0	0	0	0	0	0	0	0	0	0	0	0	0	
401.022717	8	3	3	0	1	2	2	3965	674	24	24111	9	4	25	0	0	0	0	0	0	0	0	0	0	0	0	0	0	
402.022083	8	3	3	0	1	2	2	4023	674	24	24171	9	4	25	0	0	0	0	0	0	0	0	0	0	0	0	0	0	
403.027200	8	3	3	0	1	2	2	4059	675	24	24231	9	4	25	0	0	0	0	0	0	0	0	0	0	0	0	0	0	
404.028000	8	3	3	0	1	2	2	4084	675	24	24291	9	4	25	0	0	0	0	0	0	0	0	0	0	0	0	0	0	
405.028800	8	3	3	0	1	2	2	4102	675	24	24351	9	4	25	0	0	0	0	0	0	0	0	0	0	0	0	0	0	
406.033917	8	3	3	0	1	2	2	4117	669	24	24411	9	4	25	0	0	0	0	0	0	0	0	0	0	0	0	0	0	
407.034717	8	3	3	0	1	2	2	4129	666	24	24471	9	4	25	0	0	0	0	0	0	0	0	0	0	0	0	0	0	
408.035517	8	3	3	0	1	2	2	4140	665	24	24531	9	4	25	0	0	0	0	0	0	0	0	0	0	0	0	0	0	
409.037767	8	3	3	0	1	2	2	4151	664	24	24592	9	4	25	0	0	0	0	0	0	0	0	0	0	0	0	0	0	
410.024167	8	3	3	0	1	2	2	4162	663	24	24651	9	4	25	0	0	0	0	0	0	0	0	0	0	0	0	0	0	
411.027833	8	3	3	0	1	2	2	4171	660	24	24711	9	4	25	0	0	0	0	0	0	0	0	0	0	0	0	0	0	
412.028633	8	3	3	0	1	2	2	4181	660	24	24771	9	4	25	0	0	0	0	0	0	0	0	0	0	0	0	0	0	
413.029433	8	3	3	0	1	2	2	4190	658	24	24831	9	4	25	0	0	0	0	0	0	0	0	0	0	0	0	0	0	
414.033117	8	3	3	0	1	2	2	4198	649	24	24891	9	4	25	0	0	0	0	0	0	0	0	0	0	0	0	0	0	
415.033917	8	3	3	0	1	2	2	4198	607	24	24951	9	4	25	0	0	0	0	0	0	0	0	0	0	0	0	0	0	
416.034717	8	3	3	0	1	2	2	4198	571	24	25011	9	4	25	0	0	0	0	0	0	0	0	0	0	0	0	0	0	
417.035517	8	3	3	0	1	2	2	4199	538	24	25071	9	4	25	0	0	0	0	0	0	0	0	0	0	0	0	0	0	
418.036317	8	3	3	0	1	2	2	4198	507	24	25132	9	4	25	0	0	0	0	0	0	0	0	0	0	0	0	0	0	
419.021283	8	3	3	0	1	2	2	4198	479	24	25191	9	4	25	0	0	0	0	0	0	0	0	0	0	0	0	0	0	
420.022083	8	3	3	0	1	2	2	4199	456	24	25251	9	4	25	0	0	0	0	0	0	0	0	0	0	0	0	0	0	
421.031517	8	3	3	0	1	2	2	4198	429	24	25311	9	4	25	0	0	0	0	0	0	0	0	0	0	0	0	0	0	
422.036633	8	3	3	0	1	2	2	4199	407	24	25372	9	4	25	0	0	0	0	0	0	0	0	0	0	0	0	0	0	
423.023033	8	3	3	0	1	2	2	4199	387	24	25431	9	4	25	0	0	0	0	0	0	0	0	0	0	0	0	0	0	
424.023833	8	3	3	0	1	2	2	4199	367	24	25491	9	4	25	0	0	0	0	0	0	0	0	0	0	0	0	0	0	
425.024633	8	3	3	0	1	2	2	4198	350	24	25551	9	4	25	0	0	0	0	0	0	0	0	0	0	0	0	0	0	
426.025433	8	3	3	0	1	2	2	4199	333	24	25611	9	4	25	0	0	0	0	0	0	0	0	0	0	0	0	0	0	
427.029117	8	3	3	0	1	2	2	4199	317	24	25671	9	4	25	0	0	0	0	0	0	0	0	0	0	0	0	0	0	
428.029917	8	3	3	0	1	2	2	4198	302	24	25731	9	4	25	0	0	0	0	0	0	0	0	0	0	0	0	0	0	
429.030717	8	3	3	0	1	2	2	4199	288	24	25791	9	4	25	0	0	0	0	0	0	0	0	0	0	0	0	0	0	
430.031517	8	3	3	0	1	2	2	4198	275	24	25851	9	4	25	0	0	0	0	0	0	0	0	0	0	0	0	0	0	
431.035200	8	3	3	0	1	2	2	4198	263	24	25911	9	4	25	0	0	0	0	0	0	0	0	0	0	0	0	0	0	
432.036000	8	3	3	0	1	2	2	4198	252	24	25971	9	4	25	0	0	0	0	0	0	0	0	0	0	0	0	0	0	
433.026717	8	3	3	0	1	2	2	4198	242	24	26031	9	4	25	0	0	0	0	0	0	0	0	0	0	0	0	0	0	
434.031833	8	3	3	0	1	2	2	4199	233	24	26091	9	4	25	0	0	0	0	0	0	0	0	0	0	0	0	0	0	
435.035517	8	3	3	0	1	2	2	4199	220	24	26151	9	4	25	0	0	0	0	0	0	0	0	0	0	0	0	0	0	
436.036317	8	3	3	0	1	2	2	4199	211	24	26211	9	4	25	0	0	0	0	0	0	0	0	0	0	0	0	0	0	
437.037117	8	3	3	0	1	2	2	4199	202	24	26271	9	4	25	0	0	0	0	0	0	0	0	0	0	0	0	0	0	
438.037917	8	3	3	0	1	2	2	4199	193	24	26331	9	4	25	0	0	0	0	0	0	0	0	0	0	0	0	0	0	
439.038717	8	3	3	0	1	2	2	4199	186	24	26392	9	4	25	0	0	0	0	0	0	0	0	0	0	0	0	0	0	
440.023683	8	3	3	0	1	2	2	4199	178	24	26451	9	4	25	0	0	0	0	0	0	0	0	0	0	0	0	0	0	
441.024483	8	3	3	0	1	2	2	4199	170	24	26511	9	4	25	0	0	0	0	0	0	0	0	0	0	0	0	0	0	
442.025283	8	3	3	0	1	2	2	4199	163	24	26571	9	4	25	0	0	0	0	0	0	0	0	0	0	0	0	0	0	
443.024633	8	3	3	0	1	2	2	4198	157	24	26631	9	4	25	0	0	0	0	0	0	0	0	0	0	0	0	0	0	
444.028317	8	3	3	0	1	2	2	4199	153	24	26691	9	4	25	0	0	0	0	0	0	0	0	0	0	0	0	0	0	
445.033433	8	3	3	0	1	2	2	4198	145	24	26751	9	4	25	0	0	0	0	0	0	0	0	0	0	0	0	0	0	
446.037117	8	3	3	0	1	2	2	4198	139	24	26811	9	4	25	0	0	0	0	0	0	0	0	0	0	0	0	0	0	
447.037917	8	3	3	0	1	2	2	4198	133	24	26871	9	4	25	0	0	0	0	0	0	0	0	0	0	0	0	0	0	
448.040167	8	3	3	0	1	2	2	4199	132	24	26932	9	4	25	0	0	0	0	0	0	0	0	0	0	0	0	0	0	
449.026567	8	3	3	0	1	2	2	4198	124	24	26991	9	4	25	0	0	0	0	0	0	0	0	0	0	0	0	0	0	
450.030233	8	3	3	0	1	2	2	4198	118	24	27051	9	4	25	0	0	0	0	0	0	0	0	0	0	0	0	0	0	
451.031033	8	3	3	0	1	2	2	4198	114	24	27111	9	4	25	0	0	0	0	0	0	0	0	0	0	0	0	0	0	
452.031833	8	3	3	0	1	2	2	4198	110	24	27171	9	4	25	0	0	0	0	0	0	0	0	0	0	0	0	0	0	
453.032633	8	3	3	0	1	2	2	4198	107	24	27231	9	4	25	0	0	0	0	0	0	0	0	0	0	0	0	0	0	
454.032000	8	3	3	0	1	2	2	4199	103	24	27291	9	4	25	0	0	0	0	0	0	0	0	0	0	0	0	0	0	
455.032800	8	3	3	0	1	2	2	4199	99	24	27351	9	4	25	0	0	0	0	0	0	0	0	0	0	0	0	0	0	
456.040800	8	3	3	0	1	2	2	4199	96	24	27412	9	4	25	0	0	0	0	0	0	0	0	0	0	0	0	0	0	
457.025767	8	3	3	0	1	2	2	4198	92	24	27471	9	4	25	0	0	0	0	0	0	0	0	0	0	0	0	0	0	
458.026567	8	3	3	0	1	2	2	4198	88	24	27531	9	4	25	0	0	0	0	0	0	0	0	0	0	0	0	0	0	
459.027367	8	3	3	0	1	2	2	4199	85	24	27591	9	4	25	0	0	0	0	0	0	0	0	0	0	0	0	0	0	
460.031033	8	3	3	0	1	2	2	4198	82	24	27651	9	4	25	0	0	0	0	0	0	0	0	0	0	0	0	0	0	
461.031833	8	3	3	0	1	2	2	4198	79	24	27711	9	4	25	0	0	0	0	0	0	0	0	0	0	0	0	0	0	
462.032633	8	3	3	0	1	2	2	4199	77	24	27771	9	4	25	0	0	0	0	0	0	0	0	0	0	0	0	0	0	
463.034883	8	3	3	0	1	2	2	4198	76	24	27831	9	4	25	0	0	0	0	0	0	0	0	0	0	0	0	0	0	
464.038567	8	3	3	0	1	2	2	4198	71	24	27891	9	4	25	0	0	0	0	0	0	0	0	0	0	0	0	0	0	
465.039367	8	3	3	0	1	2	2	4198	69	24	27951	9	4	25	0	0	0	0	0	0	0	0	0	0	0	0	0	0	
466.040167	8	3	3	0	1	2	2	4198	67	24	28011	9	4	25	0	0	0	0	0	0	0	0	0	0	0	0	0	0	
466.178400	8	6	3	0	2	7	1	3942	-1349	24	28020	9	5	0	0	0	0	0	0	0	0	0	0	0	0	0	0	0	
467.026567	8	6	3	0	2	7	1	3848	-1350	24	28071	9	5	1	0	0	0	0	0	0	0	0	0	0	0	0	0	0	
468.028800	8	6	3	0	2	7	1	3711	-1352	24	28131	9	5	3	0	0	0	0	0	0	0	0	0	0	0	0	0	0	
469.032483	8	6	3	0	2	7	1	3563	-1351	24	28191	9	5	4	0	0	0	0	0	0	0	0	0	0	0	0	0	0	
470.033283	8	6	3	0	2	7	1	3484	-1349	24	28251	9	5	6	0	0	0	0	0	0	0	0	0	0	0	0	0	0	
471.034083	8	6	3	0	2	7	1	3431	-1349	24	28311	9	5	7	0	0	0	0	0	0	0	0	0	0	0	0	0	0	
472.037767	8	6	3	0	2	7	1	3386	-1350	24	28371	9	5	9	0	0	0	0	0	0	0	0	0	0	0	0	0	0	
473.038567	8	6	3	0	2	7	1	3348	-1349	24	28431	9	5	11	0	0	0	0	0	0	0	0	0	0	0	0	0	0	
474.039367	8	6	3	0	2	7	1	3312	-1351	24	28491	9	5	12	0	0	0	0	0	0	0	0	0	0	0	0	0	0	
475.040167	8	6	3	0	2	7	1	3278	-1349	24	28551	9	5	14	0	0	0	0	0	0	0	0	0	0	0	0	0	0	
476.040967	8	6	3	0	2	7	1	3243	-1351	24	28611	9	5	16	0	0	0	0	0	0	0	0	0	0	0	0	0	0	
477.027367	8	6	3	0	2	7	1	3202	-1350	24	28671	9	5	17	0	0	0	0	0	0	0	0	0	0	0	0	0	0	
478.035367	8	6	3	0	2	7	1	3150	-1350	24	28731	9	5	19	0	0	0	0	0	0	0	0	0	0	0	0	0	0	
479.039033	8	6	3	0	2	7	1	3077	-1350	24	28791	9	5	21	0	0	0	0	0	0	0	0	0	0	0	0	0	0	
480.044167	8	6	3	0	2	7	1	2971	-1349	24	28852	9	5	22	0	0	0	0	0	0	0	0	0	0	0	0	0	0	
481.030567	8	6	3	0	2	7	1	2819	-1351	24	28911	9	5	24	0	0	0	0	0	0	0	0	0	0	0	0	0	0	
481.767833	8	15	3	0	1	31	2	3600	667	24	28955	11	5	25	0	0	0	0	0	0	0	0	0	0	0	0	0	0	
481.788000	8	3	3	0	1	2	2	3711	679	24	28956	11	5	25	0	0	0	0	0	0	0	0	0	0	0	0	0	0	
482.037117	8	3	3	0	1	2	2	3897	675	24	28971	11	5	25	0	0	0	0	0	0	0	0	0	0	0	0	0	0	
483.042233	8	3	3	0	1	2	2	4000	675	24	29032	11	5	25	0	0	0	0	0	0	0	0	0	0	0	0	0	0	
484.027200	8	3	3	0	1	2	2	4044	674	24	29091	11	5	25	0	0	0	0	0	0	0	0	0	0	0	0	0	0	
485.028000	8	3	3	0	1	2	2	4074	674	24	29151	11	5	25	0	0	0	0	0	0	0	0	0	0	0	0	0	0	
486.028800	8	3	3	0	1	2	2	4095	675	24	29211	11	5	25	0	0	0	0	0	0	0	0	0	0	0	0	0	0	
487.028167	8	3	3	0	1	2	2	4112	675	24	29271	11	5	25	0	0	0	0	0	0	0	0	0	0	0	0	0	0	
488.028967	8	3	3	0	1	2	2	4124	666	24	29331	11	5	25	0	0	0	0	0	0	0	0	0	0	0	0	0	0	
489.034083	8	3	3	0	1	2	2	4137	664	24	29391	11	5	25	0	0	0	0	0	0	0	0	0	0	0	0	0	0	
490.033433	8	3	3	0	1	2	2	4148	662	24	29451	11	5	25	0	0	0	0	0	0	0	0	0	0	0	0	0	0	
491.034233	8	3	3	0	1	2	2	4158	660	24	29511	11	5	25	0	0	0	0	0	0	0	0	0	0	0	0	0	0	
492.043683	8	3	3	0	1	2	2	4168	660	24	29572	11	5	25	0	0	0	0	0	0	0	0	0	0	0	0	0	0	
493.028633	8	3	3	0	1	2	2	4178	661	24	29631	11	5	25	0	0	0	0	0	0	0	0	0	0	0	0	0	0	
494.029433	8	3	3	0	1	2	2	4188	662	24	29691	11	5	25	0	0	0	0	0	0	0	0	0	0	0	0	0	0	
495.030233	8	3	3	0	1	2	2	4197	661	24	29751	11	5	25	0	0	0	0	0	0	0	0	0	0	0	0	0	0	
496.033917	8	3	3	0	1	2	2	4199	620	24	29811	11	5	25	0	0	0	0	0	0	0	0	0	0	0	0	0	0	
497.034717	8	3	3	0	1	2	2	4198	584	24	29871	11	5	25	0	0	0	0	0	0	0	0	0	0	0	0	0	0	
498.035517	8	3	3	0	1	2	2	4199	550	24	29931	11	5	25	0	0	0	0	0	0	0	0	0	0	0	0	0	0	
499.036317	8	3	3	0	1	2	2	4199	518	24	29991	11	5	25	0	0	0	0	0	0	0	0	0	0	0	0	0	0	
500.037117	8	3	3	0	1	2	2	4199	489	24	30051	11	5	25	0	0	0	0	0	0	0	0	0	0	0	0	0	0	
501.040800	8	3	3	0	1	2	2	4198	463	24	30111	11	5	25	0	0	0	0	0	0	0	0	0	0	0	0	0	0	
502.041600	8	3	3	0	1	2	2	4198	438	24	30171	11	5	25	0	0	0	0	0	0	0	0	0	0	0	0	0	0	
503.043833	8	3	3	0	1	2	2	4199	418	24	30232	11	5	25	0	0	0	0	0	0	0	0	0	0	0	0	0	0	
504.028800	8	3	3	0	1	2	2	4199	395	24	30291	11	5	25	0	0	0	0	0	0	0	0	0	0	0	0	0	0	
505.029600	8	3	3	0	1	2	2	4199	375	24	30351	11	5	25	0	0	0	0	0	0	0	0	0	0	0	0	0	0	
506.037600	8	3	3	0	1	2	2	4198	356	24	30411	11	5	25	0	0	0	0	0	0	0	0	0	0	0	0	0	0	
507.041283	8	3	3	0	1	2	2	4199	338	24	30471	11	5	25	0	0	0	0	0	0	0	0	0	0	0	0	0	0	
508.042083	8	3	3	0	1	2	2	4198	323	24	30531	11	5	25	0	0	0	0	0	0	0	0	0	0	0	0	0	0	
509.042883	8	3	3	0	1	2	2	4199	308	24	30591	11	5	25	0	0	0	0	0	0	0	0	0	0	0	0	0	0	
510.042233	8	3	3	0	1	2	2	4199	294	24	30651	11	5	25	0	0	0	0	0	0	0	0	0	0	0	0	0	0	
511.043033	8	3	3	0	1	2	2	4199	281	24	30711	11	5	25	0	0	0	0	0	0	0	0	0	0	0	0	0	0	
512.043833	8	3	3	0	1	2	2	4198	268	24	30772	11	5	25	0	0	0	0	0	0	0	0	0	0	0	0	0	0	
513.028800	8	3	3	0	1	2	2	4198	256	24	30831	11	5	25	0	0	0	0	0	0	0	0	0	0	0	0	0	0	
514.029600	8	3	3	0	1	2	2	4198	245	24	30891	11	5	25	0	0	0	0	0	0	0	0	0	0	0	0	0	0	
515.031833	8	3	3	0	1	2	2	4199	236	24	30951	11	5	25	0	0	0	0	0	0	0	0	0	0	0	0	0	0	
516.035517	8	3	3	0	1	2	2	4198	224	24	31011	11	5	25	0	0	0	0	0	0	0	0	0	0	0	0	0	0	
517.036317	8	3	3	0	1	2	2	4198	215	24	31071	11	5	25	0	0	0	0	0	0	0	0	0	0	0	0	0	0	
518.037117	8	3	3	0	1	2	2	4199	205	24	31131	11	5	25	0	0	0	0	0	0	0	0	0	0	0	0	0	0	
519.037917	8	3	3	0	1	2	2	4199	197	24	31191	11	5	25	0	0	0	0	0	0	0	0	0	0	0	0	0	0	
520.035833	8	3	3	0	1	2	2	4199	192	24	31251	11	5	25	0	0	0	0	0	0	0	0	0	0	0	0	0	0	
521.042400	8	3	3	0	1	2	2	4198	181	24	31311	11	5	25	0	0	0	0	0	0	0	0	0	0	0	0	0	0	
522.043200	8	3	3	0	1	2	2	4198	173	24	31371	11	5	25	0	0	0	0	0	0	0	0	0	0	0	0	0	0	
523.044000	8	3	3	0	1	2	2	4198	166	24	31431	11	5	25	0	0	0	0	0	0	0	0	0	0	0	0	0	0	
524.044800	8	3	3	0	1	2	2	4199	159	24	31491	11	5	25	0	0	0	0	0	0	0	0	0	0	0	0	0	0	
525.044167	8	3	3	0	1	2	2	4198	152	24	31552	11	5	25	0	0	0	0	0	0	0	0	0	0	0	0	0	0	
526.030567	8	3	3	0	1	2	2	4198	147	24	31611	11	5	25	0	0	0	0	0	0	0	0	0	0	0	0	0	0	
527.032800	8	3	3	0	1	2	2	4198	141	24	31671	11	5	25	0	0	0	0	0	0	0	0	0	0	0	0	0	0	
528.036483	8	3	3	0	1	2	2	4199	135	24	31731	11	5	25	0	0	0	0	0	0	0	0	0	0	0	0	0	0	
529.037283	8	3	3	0	1	2	2	4198	129	24	31791	11	5	25	0	0	0	0	0	0	0	0	0	0	0	0	0	0	
530.038083	8	3	3	0	1	2	2	4198	125	24	31851	11	5	25	0	0	0	0	0	0	0	0	0	0	0	0	0	0	
531.037433	8	3	3	0	1	2	2	4198	120	24	31911	11	5	25	0	0	0	0	0	0	0	0	0	0	0	0	0	0	
532.038233	8	3	3	0	1	2	2	4198	116	23	31971	11	5	25	0	0	0	0	0	0	0	0	0	0	0	0	0	0	
533.039033	8	3	3	0	1	2	2	4198	110	24	32031	11	5	25	0	0	0	0	0	0	0	0	0	0	0	0	0	0	
534.042717	8	3	3	0	1	2	2	4199	109	24	32091	11	5	25	0	0	0	0	0	0	0	0	0	0	0	0	0	0	
535.032000	8	3	3	0	1	2	2	4198	103	24	32151	11	5	25	0	0	0	0	0	0	0	0	0	0	0	0	0	0	
536.032800	8	3	3	0	1	2	2	4198	99	24	32211	11	5	25	0	0	0	0	0	0	0	0	0	0	0	0	0	0	
537.033600	8	3	3	0	1	2	2	4198	96	24	32271	11	5	25	0	0	0	0	0	0	0	0	0	0	0	0	0	0	
538.037283	8	3	3	0	1	2	2	4199	92	24	32331	11	5	25	0	0	0	0	0	0	0	0	0	0	0	0	0	0	
539.039517	8	3	3	0	1	2	2	4198	88	24	32391	11	5	25	0	0	0	0	0	0	0	0	0	0	0	0	0	0	
540.044633	8	3	3	0	1	2	2	4198	86	24	32451	11	5	25	0	0	0	0	0	0	0	0	0	0	0	0	0	0	
541.044000	8	3	3	0	1	2	2	4198	83	24	32511	11	5	25	0	0	0	0	0	0	0	0	0	0	0	0	0	0	
542.044800	8	3	3	0	1	2	2	4198	79	24	32571	11	5	25	0	0	0	0	0	0	0	0	0	0	0	0	0	0	
543.045600	8	3	3	0	1	2	2	4198	77	24	32631	11	5	25	0	0	0	0	0	0	0	0	0	0	0	0	0	0	
544.046400	8	3	3	0	1	2	2	4198	74	24	32692	11	5	25	0	0	0	0	0	0	0	0	0	0	0	0	0	0	
545.031367	8	3	3	0	1	2	2	4199	71	23	32751	11	5	25	0	0	0	0	0	0	0	0	0	0	0	0	0	0	
546.032167	8	3	3	0	1	2	2	4198	69	24	32811	11	5	25	0	0	0	0	0	0	0	0	0	0	0	0	0	0	
546.939367	8	6	3	0	2	7	1	3941	-1349	24	32865	11	6	0	0	0	0	0	0	0	0	0	0	0	0	0	0	0	
547.034400	8	6	3	0	2	7	1	3921	-1350	24	32871	11	6	0	0	0	0	0	0	0	0	0	0	0	0	0	0	0	
548.040967	8	6	3	0	2	7	1	3823	-1349	23	32931	11	6	1	0	0	0	0	0	0	0	0	0	0	0	0	0	0	
549.047517	8	6	3	0	2	7	1	3663	-1348	23	32992	11	6	3	0	0	0	0	0	0	0	0	0	0	0	0	0	0	
550.035367	8	6	3	0	2	7	1	3532	-1349	23	33051	11	6	5	0	0	0	0	0	0	0	0	0	0	0	0	0	0	
551.039033	8	6	3	0	2	7	1	3461	-1349	24	33111	11	6	6	0	0	0	0	0	0	0	0	0	0	0	0	0	0	
552.039833	8	6	3	0	2	7	1	3412	-1349	24	33171	11	6	8	0	0	0	0	0	0	0	0	0	0	0	0	0	0	
553.040633	8	6	3	0	2	7	1	3370	-1350	24	33231	11	6	10	0	0	0	0	0	0	0	0	0	0	0	0	0	0	
554.040000	8	6	3	0	2	7	1	3332	-1349	23	33291	11	6	11	0	0	0	0	0	0	0	0	0	0	0	0	0	0	
555.045117	8	6	3	0	2	7	1	3297	-1348	24	33351	11	6	13	0	0	0	0	0	0	0	0	0	0	0	0	0	0	
556.045917	8	6	3	0	2	7	1	3262	-1348	23	33411	11	6	14	0	0	0	0	0	0	0	0	0	0	0	0	0	0	
557.046717	8	6	3	0	2	7	1	3222	-1349	23	33471	11	6	16	0	0	0	0	0	0	0	0	0	0	0	0	0	0	
558.047517	8	6	3	0	2	7	1	3173	-1349	24	33531	11	6	18	0	0	0	0	0	0	0	0	0	0	0	0	0	0	
559.046883	8	6	3	0	2	7	1	3108	-1351	23	33592	11	6	19	0	0	0	0	0	0	0	0	0	0	0	0	0	0	
560.033283	8	6	3	0	2	7	1	3018	-1348	24	33651	11	6	21	0	0	0	0	0	0	0	0	0	0	0	0	0	0	
561.034083	8	6	3	0	2	7	1	2886	-1349	24	33711	11	6	23	0	0	0	0	0	0	0	0	0	0	0	0	0	0	
562.039200	8	6	3	0	2	7	1	2703	-1348	24	33771	11	6	24	0	0	0	0	0	0	0	0	0	0	0	0	0	0	
562.122717	8	15	3	0	1	31	2	3447	381	24	33776	13	6	25	0	0	0	0	0	0	0	0	0	0	0	0	0	0	
562.144317	8	3	3	0	1	2	2	3701	678	24	33777	13	6	25	0	0	0	0	0	0	0	0	0	0	0	0	0	0	
563.032800	8	3	3	0	1	2	2	3980	675	24	33831	13	6	25	0	0	0	0	0	0	0	0	0	0	0	0	0	0	
564.033600	8	3	3	0	1	2	2	4034	674	24	33891	13	6	25	0	0	0	0	0	0	0	0	0	0	0	0	0	0	
565.034400	8	3	3	0	1	2	2	4069	675	24	33951	13	6	25	0	0	0	0	0	0	0	0	0	0	0	0	0	0	
566.035200	8	3	3	0	1	2	2	4092	675	24	34011	13	6	25	0	0	0	0	0	0	0	0	0	0	0	0	0	0	
567.034567	8	3	3	0	1	2	2	4111	673	24	34071	13	6	25	0	0	0	0	0	0	0	0	0	0	0	0	0	0	
568.035367	8	3	3	0	1	2	2	4124	665	24	34131	13	6	25	0	0	0	0	0	0	0	0	0	0	0	0	0	0	
569.040483	8	3	3	0	1	2	2	4136	663	24	34191	13	6	25	0	0	0	0	0	0	0	0	0	0	0	0	0	0	
570.041283	8	3	3	0	1	2	2	4148	662	24	34251	13	6	25	0	0	0	0	0	0	0	0	0	0	0	0	0	0	
571.042083	8	3	3	0	1	2	2	4159	659	24	34311	13	6	25	0	0	0	0	0	0	0	0	0	0	0	0	0	0	
572.042883	8	3	3	0	1	2	2	4169	656	24	34371	13	6	25	0	0	0	0	0	0	0	0	0	0	0	0	0	0	
573.048000	8	3	3	0	1	2	2	4178	654	24	34431	13	6	25	0	0	0	0	0	0	0	0	0	0	0	0	0	0	
574.037283	8	3	3	0	1	2	2	4188	652	24	34491	13	6	25	0	0	0	0	0	0	0	0	0	0	0	0	0	0	
575.040967	8	3	3	0	1	2	2	4197	652	24	34551	13	6	25	0	0	0	0	0	0	0	0	0	0	0	0	0	0	
576.041767	8	3	3	0	1	2	2	4198	613	24	34611	13	6	25	0	0	0	0	0	0	0	0	0	0	0	0	0	0	
577.041117	8	3	3	0	1	2	2	4199	576	24	34671	13	6	25	0	0	0	0	0	0	0	0	0	0	0	0	0	0	
578.047683	8	3	3	0	1	2	2	4199	541	24	34731	13	6	25	0	0	0	0	0	0	0	0	0	0	0	0	0	0	
579.048483	8	3	3	0	1	2	2	4198	509	24	34791	13	6	25	0	0	0	0	0	0	0	0	0	0	0	0	0	0	
580.047833	8	3	3	0	1	2	2	4198	481	24	34851	13	6	25	0	0	0	0	0	0	0	0	0	0	0	0	0	0	
581.048633	8	3	3	0	1	2	2	4198	455	24	34912	13	6	25	0	0	0	0	0	0	0	0	0	0	0	0	0	0	
582.035033	8	3	3	0	1	2	2	4198	431	24	34971	13	6	25	0	0	0	0	0	0	0	0	0	0	0	0	0	0	
583.034400	8	3	3	0	1	2	2	4199	409	24	35031	13	6	25	0	0	0	0	0	0	0	0	0	0	0	0	0	0	
584.035200	8	3	3	0	1	2	2	4198	387	24	35091	13	6	25	0	0	0	0	0	0	0	0	0	0	0	0	0	0	
585.037433	8	3	3	0	1	2	2	4199	370	24	35151	13	6	25	0	0	0	0	0	0	0	0	0	0	0	0	0	0	
586.044000	8	3	3	0	1	2	2	4198	349	24	35211	13	6	25	0	0	0	0	0	0	0	0	0	0	0	0	0	0	
587.047683	8	3	3	0	1	2	2	4199	332	23	35271	13	6	25	0	0	0	0	0	0	0	0	0	0	0	0	0	0	
588.034083	8	3	3	0	1	2	2	4198	317	24	35331	13	6	25	0	0	0	0	0	0	0	0	0	0	0	0	0	0	
589.034883	8	3	3	0	1	2	2	4198	302	24	35391	13	6	25	0	0	0	0	0	0	0	0	0	0	0	0	0	0	
590.035683	8	3	3	0	1	2	2	4198	288	24	35451	13	6	25	0	0	0	0	0	0	0	0	0	0	0	0	0	0	
591.037917	8	3	3	0	1	2	2	4198	277	23	35511	13	6	25	0	0	0	0	0	0	0	0	0	0	0	0	0	0	
592.041600	8	3	3	0	1	2	2	4199	262	23	35571	13	6	25	0	0	0	0	0	0	0	0	0	0	0	0	0	0	
593.042400	8	3	3	0	1	2	2	4199	251	24	35631	13	6	25	0	0	0	0	0	0	0	0	0	0	0	0	0	0	
594.043200	8	3	3	0	1	2	2	4198	240	23	35691	13	6	25	0	0	0	0	0	0	0	0	0	0	0	0	0	0	
595.044000	8	3	3	0	1	2	2	4199	229	24	35751	13	6	25	0	0	0	0	0	0	0	0	0	0	0	0	0	0	
596.049117	8	3	3	0	1	2	2	4199	218	24	35811	13	6	25	0	0	0	0	0	0	0	0	0	0	0	0	0	0	
597.038400	8	3	3	0	1	2	2	4198	209	24	35871	13	6	25	0	0	0	0	0	0	0	0	0	0	0	0	0	0	
598.043517	8	3	3	0	1	2	2	4198	200	24	35931	13	6	25	0	0	0	0	0	0	0	0	0	0	0	0	0	0	
599.042883	8	3	3	0	1	2	2	4198	192	24	35991	13	6	25	0	0	0	0	0	0	0	0	0	0	0	0	0	0	
600.043683	8	3	3	0	1	2	2	4199	184	23	36051	13	6	25	0	0	0	0	0	0	0	0	0	0	0	0	0	0	
601.048800	8	3	3	0	1	2	2	4199	177	24	36111	13	6	25	0	0	0	0	0	0	0	0	0	0	0	0	0	0	
602.049600	8	3	3	0	1	2	2	4198	169	24	36171	13	6	25	0	0	0	0	0	0	0	0	0	0	0	0	0	0	
603.048967	8	3	3	0	1	2	2	4198	162	24	36231	13	6	25	0	0	0	0	0	0	0	0	0	0	0	0	0	0	
604.049767	8	3	3	0	1	2	2	4198	155	24	36291	13	6	25	0	0	0	0	0	0	0	0	0	0	0	0	0	0	
605.052000	8	3	3	0	1	2	2	4199	152	24	36352	13	6	25	0	0	0	0	0	0	0	0	0	0	0	0	0	0	
606.038400	8	3	3	0	1	2	2	4199	142	24	36411	13	6	25	0	0	0	0	0	0	0	0	0	0	0	0	0	0	
607.037767	8	3	3	0	1	2	2	4199	137	24	36471	13	6	25	0	0	0	0	0	0	0	0	0	0	0	0	0	0	
608.040000	8	3	3	0	1	2	2	4199	133	24	36531	13	6	25	0	0	0	0	0	0	0	0	0	0	0	0	0	0	
609.046567	8	3	3	0	1	2	2	4198	127	24	36591	13	6	25	0	0	0	0	0	0	0	0	0	0	0	0	0	0	
610.050233	8	3	3	0	1	2	2	4198	122	24	36651	13	6	25	0	0	0	0	0	0	0	0	0	0	0	0	0	0	
611.051033	8	3	3	0	1	2	2	4199	117	24	36712	13	6	25	0	0	0	0	0	0	0	0	0	0	0	0	0	0	
612.037433	8	3	3	0	1	2	2	4199	113	24	36771	13	6	25	0	0	0	0	0	0	0	0	0	0	0	0	0	0	
613.036800	8	3	3	0	1	2	2	4198	108	24	36831	13	6	25	0	0	0	0	0	0	0	0	0	0	0	0	0	0	
614.037600	8	3	3	0	1	2	2	4199	106	24	36891	13	6	25	0	0	0	0	0	0	0	0	0	0	0	0	0	0	
615.038400	8	3	3	0	1	2	2	4199	101	24	36951	13	6	25	0	0	0	0	0	0	0	0	0	0	0	0	0	0	
616.039200	8	3	3	0	1	2	2	4198	96	24	37011	13	6	25	0	0	0	0	0	0	0	0	0	0	0	0	0	0	
617.040000	8	3	3	0	1	2	2	4198	92	24	37071	13	6	25	0	0	0	0	0	0	0	0	0	0	0	0	0	0	
618.043683	8	3	3	0	1	2	2	4198	89	24	37131	13	6	25	0	0	0	0	0	0	0	0	0	0	0	0	0	0	
619.044483	8	3	3	0	1	2	2	4199	87	23	37191	13	6	25	0	0	0	0	0	0	0	0	0	0	0	0	0	0	
620.038083	8	3	3	0	1	2	2	4199	85	23	37251	13	6	25	0	0	0	0	0	0	0	0	0	0	0	0	0	0	
621.044633	8	3	3	0	1	2	2	4198	79	24	37311	13	6	25	0	0	0	0	0	0	0	0	0	0	0	0	0	0	
622.045433	8	3	3	0	1	2	2	4198	77	23	37371	13	6	25	0	0	0	0	0	0	0	0	0	0	0	0	0	0	
623.046233	8	3	3	0	1	2	2	4198	75	23	37431	13	6	25	0	0	0	0	0	0	0	0	0	0	0	0	0	0	
624.049917	8	3	3	0	1	2	2	4198	71	23	37491	13	6	25	0	0	0	0	0	0	0	0	0	0	0	0	0	0	
625.050717	8	3	3	0	1	2	2	4199	69	24	37551	13	6	25	0	0	0	0	0	0	0	0	0	0	0	0	0	0	
625.976633	8	6	3	0	2	7	1	4067	-711	23	37607	13	7	0	0	0	0	0	0	0	0	0	0	0	0	0	0	0	
626.052967	8	6	3	0	2	7	1	3929	-1349	23	37612	13	7	0	0	0	0	0	0	0	0	0	0	0	0	0	0	0	
627.039367	8	6	3	0	2	7	1	3832	-1350	24	37671	13	7	1	0	0	0	0	0	0	0	0	0	0	0	0	0	0	
628.038717	8	6	3	0	2	7	1	3675	-1349	23	37731	13	7	3	0	0	0	0	0	0	0	0	0	0	0	0	0	0	
629.039517	8	6	3	0	2	7	1	3535	-1350	23	37791	13	7	5	0	0	0	0	0	0	0	0	0	0	0	0	0	0	
630.040317	8	6	3	0	2	7	1	3462	-1349	23	37851	13	7	6	0	0	0	0	0	0	0	0	0	0	0	0	0	0	
631.045433	8	6	3	0	2	7	1	3407	-1348	23	37911	13	7	8	0	0	0	0	0	0	0	0	0	0	0	0	0	0	
632.047683	8	6	3	0	2	7	1	3362	-1348	23	37971	13	7	9	0	0	0	0	0	0	0	0	0	0	0	0	0	0	
633.054233	8	6	3	0	2	7	1	3324	-1348	24	38032	13	7	11	0	0	0	0	0	0	0	0	0	0	0	0	0	0	
634.039200	8	6	3	0	2	7	1	3287	-1351	23	38091	13	7	13	0	0	0	0	0	0	0	0	0	0	0	0	0	0	
635.048633	8	6	3	0	2	7	1	3248	-1348	23	38151	13	7	14	0	0	0	0	0	0	0	0	0	0	0	0	0	0	
636.052317	8	6	3	0	2	7	1	3205	-1349	23	38211	13	7	16	0	0	0	0	0	0	0	0	0	0	0	0	0	0	
637.053117	8	6	3	0	2	7	1	3156	-1350	23	38271	13	7	18	0	0	0	0	0	0	0	0	0	0	0	0	0	0	
638.052483	8	6	3	0	2	7	1	3086	-1349	24	38331	13	7	19	0	0	0	0	0	0	0	0	0	0	0	0	0	0	
639.053283	8	6	3	0	2	7	1	2980	-1350	23	38392	13	7	21	0	0	0	0	0	0	0	0	0	0	0	0	0	0	
640.038233	8	6	3	0	2	7	1	2826	-1349	24	38451	13	7	23	0	0	0	0	0	0	0	0	0	0	0	0	0	0	
640.794233	8	15	3	0	1	31	2	3498	479	24	38496	15	7	24	0	0	0	0	0	0	0	0	0	0	0	0	0	0	
640.815833	8	3	3	0	1	2	2	3709	677	24	38497	15	7	24	0	0	0	0	0	0	0	0	0	0	0	0	0	0	
641.046233	8	3	3	0	1	2	2	3899	675	23	38511	15	7	24	0	0	0	0	0	0	0	0	0	0	0	0	0	0	
642.047033	8	3	3	0	1	2	2	4005	674	23	38571	15	7	24	0	0	0	0	0	0	0	0	0	0	0	0	0	0	
643.047833	8	3	3	0	1	2	2	4052	673	23	38631	15	7	24	0	0	0	0	0	0	0	0	0	0	0	0	0	0	
644.057283	8	3	3	0	1	2	2	4082	674	23	38692	15	7	24	0	0	0	0	0	0	0	0	0	0	0	0	0	0	
645.042233	8	3	3	0	1	2	2	4104	676	23	38751	15	7	24	0	0	0	0	0	0	0	0	0	0	0	0	0	0	
646.045917	8	3	3	0	1	2	2	4119	664	23	38811	15	7	24	0	0	0	0	0	0	0	0	0	0	0	0	0	0	
647.046717	8	3	3	0	1	2	2	4133	662	23	38871	15	7	24	0	0	0	0	0	0	0	0	0	0	0	0	0	0	
648.048967	8	3	3	0	1	2	2	4144	659	23	38931	15	7	24	0	0	0	0	0	0	0	0	0	0	0	0	0	0	
649.055517	8	3	3	0	1	2	2	4156	659	23	38992	15	7	24	0	0	0	0	0	0	0	0	0	0	0	0	0	0	
650.040483	8	3	3	0	1	2	2	4167	662	23	39051	15	7	24	0	0	0	0	0	0	0	0	0	0	0	0	0	0	
651.041283	8	3	3	0	1	2	2	4178	661	23	39111	15	7	24	0	0	0	0	0	0	0	0	0	0	0	0	0	0	
652.042083	8	3	3	0	1	2	2	4188	661	23	39171	15	7	24	0	0	0	0	0	0	0	0	0	0	0	0	0	0	
653.041433	8	3	3	0	1	2	2	4198	659	23	39231	15	7	24	0	0	0	0	0	0	0	0	0	0	0	0	0	0	
654.042233	8	3	3	0	1	2	2	4199	615	23	39291	15	7	24	0	0	0	0	0	0	0	0	0	0	0	0	0	0	
655.048800	8	3	3	0	1	2	2	4199	579	23	39351	15	7	24	0	0	0	0	0	0	0	0	0	0	0	0	0	0	
656.052483	8	3	3	0	1	2	2	4198	542	23	39411	15	7	24	0	0	0	0	0	0	0	0	0	0	0	0	0	0	
657.053283	8	3	3	0	1	2	2	4199	510	23	39471	15	7	24	0	0	0	0	0	0	0	0	0	0	0	0	0	0	
658.054083	8	3	3	0	1	2	2	4198	482	23	39531	15	7	24	0	0	0	0	0	0	0	0	0	0	0	0	0	0	
659.054883	8	3	3	0	1	2	2	4199	455	23	39591	15	7	24	0	0	0	0	0	0	0	0	0	0	0	0	0	0	
660.055683	8	3	3	0	1	2	2	4198	430	23	39652	15	7	24	0	0	0	0	0	0	0	0	0	0	0	0	0	0	
661.040633	8	3	3	0	1	2	2	4198	408	23	39711	15	7	24	0	0	0	0	0	0	0	0	0	0	0	0	0	0	
662.042883	8	3	3	0	1	2	2	4199	389	23	39771	15	7	24	0	0	0	0	0	0	0	0	0	0	0	0	0	0	
663.050883	8	3	3	0	1	2	2	4198	366	23	39831	15	7	24	0	0	0	0	0	0	0	0	0	0	0	0	0	0	
664.054567	8	3	3	0	1	2	2	4198	348	23	39891	15	7	24	0	0	0	0	0	0	0	0	0	0	0	0	0	0	
665.055367	8	3	3	0	1	2	2	4198	331	23	39951	15	7	24	0	0	0	0	0	0	0	0	0	0	0	0	0	0	
666.056167	8	3	3	0	1	2	2	4198	315	23	40012	15	7	24	0	0	0	0	0	0	0	0	0	0	0	0	0	0	
667.044000	8	3	3	0	1	2	2	4199	302	23	40071	15	7	24	0	0	0	0	0	0	0	0	0	0	0	0	0	0	
668.050567	8	3	3	0	1	2	2	4199	286	23	40131	15	7	24	0	0	0	0	0	0	0	0	0	0	0	0	0	0	
669.054233	8	3	3	0	1	2	2	4199	273	23	40191	15	7	24	0	0	0	0	0	0	0	0	0	0	0	0	0	0	
670.055033	8	3	3	0	1	2	2	4199	261	23	40251	15	7	24	0	0	0	0	0	0	0	0	0	0	0	0	0	0	
671.055833	8	3	3	0	1	2	2	4198	250	23	40311	15	7	24	0	0	0	0	0	0	0	0	0	0	0	0	0	0	
672.056633	8	3	3	0	1	2	2	4198	238	23	40372	15	7	24	0	0	0	0	0	0	0	0	0	0	0	0	0	0	
673.041600	8	3	3	0	1	2	2	4198	229	23	40431	15	7	24	0	0	0	0	0	0	0	0	0	0	0	0	0	0	
674.042400	8	3	3	0	1	2	2	4199	218	23	40491	15	7	24	0	0	0	0	0	0	0	0	0	0	0	0	0	0	
675.043200	8	3	3	0	1	2	2	4199	208	23	40551	15	7	24	0	0	0	0	0	0	0	0	0	0	0	0	0	0	
676.045433	8	3	3	0	1	2	2	4199	203	23	40611	15	7	24	0	0	0	0	0	0	0	0	0	0	0	0	0	0	
677.053433	8	3	3	0	1	2	2	4198	191	23	40671	15	7	24	0	0	0	0	0	0	0	0	0	0	0	0	0	0	
678.057117	8	3	3	0	1	2	2	4199	182	23	40732	15	7	24	0	0	0	0	0	0	0	0	0	0	0	0	0	0	
679.042083	8	3	3	0	1	2	2	4199	175	23	40791	15	7	24	0	0	0	0	0	0	0	0	0	0	0	0	0	0	
680.042883	8	3	3	0	1	2	2	4199	168	23	40851	15	7	24	0	0	0	0	0	0	0	0	0	0	0	0	0	0	
681.043683	8	3	3	0	1	2	2	4198	161	23	40911	15	7	24	0	0	0	0	0	0	0	0	0	0	0	0	0	0	
682.044483	8	3	3	0	1	2	2	4198	153	23	40971	15	7	24	0	0	0	0	0	0	0	0	0	0	0	0	0	0	
683.048167	8	3	3	0	1	2	2	4199	147	23	41031	15	7	24	0	0	0	0	0	0	0	0	0	0	0	0	0	0	
684.048967	8	3	3	0	1	2	2	4198	141	23	41091	15	7	24	0	0	0	0	0	0	0	0	0	0	0	0	0	0	
685.049767	8	3	3	0	1	2	2	4198	135	23	41151	15	7	24	0	0	0	0	0	0	0	0	0	0	0	0	0	0	
686.050567	8	3	3	0	1	2	2	4198	129	23	41211	15	7	24	0	0	0	0	0	0	0	0	0	0	0	0	0	0	
687.051367	8	3	3	0	1	2	2	4198	125	23	41271	15	7	24	0	0	0	0	0	0	0	0	0	0	0	0	0	0	
688.052167	8	3	3	0	1	2	2	4198	120	23	41331	15	7	24	0	0	0	0	0	0	0	0	0	0	0	0	0	0	
689.055833	8	3	3	0	1	2	2	4198	115	23	41391	15	7	24	0	0	0	0	0	0	0	0	0	0	0	0	0	0	
690.058083	8	3	3	0	1	2	2	4198	112	23	41452	15	7	24	0	0	0	0	0	0	0	0	0	0	0	0	0	0	
691.044483	8	3	3	0	1	2	2	4199	109	23	41511	15	7	24	0	0	0	0	0	0	0	0	0	0	0	0	0	0	
692.051033	8	3	3	0	1	2	2	4198	100	23	41571	15	7	24	0	0	0	0	0	0	0	0	0	0	0	0	0	0	
693.051833	8	3	3	0	1	2	2	4198	99	23	41631	15	7	24	0	0	0	0	0	0	0	0	0	0	0	0	0	0	
694.055517	8	3	3	0	1	2	2	4199	96	23	41691	15	7	24	0	0	0	0	0	0	0	0	0	0	0	0	0	0	
695.056317	8	3	3	0	1	2	2	4198	92	23	41751	15	7	24	0	0	0	0	0	0	0	0	0	0	0	0	0	0	
696.057117	8	3	3	0	1	2	2	4198	89	23	41811	15	7	24	0	0	0	0	0	0	0	0	0	0	0	0	0	0	
697.057917	8	3	3	0	1	2	2	4198	84	23	41871	15	7	24	0	0	0	0	0	0	0	0	0	0	0	0	0	0	
698.058717	8	3	3	0	1	2	2	4198	80	23	41932	15	7	24	0	0	0	0	0	0	0	0	0	0	0	0	0	0	
699.043683	8	3	3	0	1	2	2	4198	78	23	41991	15	7	24	0	0	0	0	0	0	0	0	0	0	0	0	0	0	
700.044483	8	3	3	0	1	2	2	4198	75	23	42051	15	7	24	0	0	0	0	0	0	0	0	0	0	0	0	0	0	
701.045283	8	3	3	0	1	2	2	4199	73	23	42111	15	7	24	0	0	0	0	0	0	0	0	0	0	0	0	0	0	
702.044633	8	3	3	0	1	2	2	4198	73	23	42171	15	7	24	0	0	0	0	0	0	0	0	0	0	0	0	0	0	
703.051200	8	3	3	0	1	2	2	4199	68	23	42231	15	7	24	0	0	0	0	0	0	0	0	0	0	0	0	0	0	
703.438567	8	6	3	0	2	7	1	4077	-664	23	42254	15	8	0	0	0	0	0	0	0	0	0	0	0	0	0	0	0	
704.054883	8	6	3	0	2	7	1	3875	-1349	23	42291	15	8	1	0	0	0	0	0	0	0	0	0	0	0	0	0	0	
705.060000	8	6	3	0	2	7	1	3760	-1350	23	42352	15	8	2	0	0	0	0	0	0	0	0	0	0	0	0	0	0	
706.044967	8	6	3	0	2	7	1	3584	-1349	23	42411	15	8	4	0	0	0	0	0	0	0	0	0	0	0	0	0	0	
707.045767	8	6	3	0	2	7	1	3487	-1350	23	42471	15	8	5	0	0	0	0	0	0	0	0	0	0	0	0	0	0	
708.046567	8	6	3	0	2	7	1	3428	-1348	23	42531	15	8	7	0	0	0	0	0	0	0	0	0	0	0	0	0	0	
709.050233	8	6	3	0	2	7	1	3381	-1349	23	42591	15	8	9	0	0	0	0	0	0	0	0	0	0	0	0	0	0	
710.051033	8	6	3	0	2	7	1	3342	-1350	23	42651	15	8	10	0	0	0	0	0	0	0	0	0	0	0	0	0	0	
711.051833	8	6	3	0	2	7	1	3305	-1351	23	42711	15	8	12	0	0	0	0	0	0	0	0	0	0	0	0	0	0	
712.052633	8	6	3	0	2	7	1	3269	-1350	23	42771	15	8	14	0	0	0	0	0	0	0	0	0	0	0	0	0	0	
713.053433	8	6	3	0	2	7	1	3230	-1350	23	42831	15	8	15	0	0	0	0	0	0	0	0	0	0	0	0	0	0	
714.062883	8	6	3	0	2	7	1	3179	-1349	23	42892	15	8	17	0	0	0	0	0	0	0	0	0	0	0	0	0	0	
715.047833	8	6	3	0	2	7	1	3113	-1349	23	42951	15	8	19	0	0	0	0	0	0	0	0	0	0	0	0	0	0	
716.051517	8	6	3	0	2	7	1	3016	-1350	23	43011	15	8	20	0	0	0	0	0	0	0	0	0	0	0	0	0	0	
717.052317	8	6	3	0	2	7	1	2875	-1349	23	43071	15	8	22	0	0	0	0	0	0	0	0	0	0	0	0	0	0	
718.053117	8	6	3	0	2	7	1	2700	-1349	23	43131	15	8	24	0	0	0	0	0	0	0	0	0	0	0	0	0	0	
718.116483	8	15	3	0	1	31	2	3150	22	23	43135	17	8	24	0	0	0	0	0	0	0	0	0	0	0	0	0	0	
718.138083	8	3	3	0	1	2	2	3685	676	23	43136	17	8	24	0	0	0	0	0	0	0	0	0	0	0	0	0	0	
719.062567	8	3	3	0	1	2	2	3985	674	23	43192	17	8	24	0	0	0	0	0	0	0	0	0	0	0	0	0	0	
720.046083	8	3	3	0	1	2	2	4039	675	23	43251	17	8	24	0	0	0	0	0	0	0	0	0	0	0	0	0	0	
721.046883	8	3	3	0	1	2	2	4074	675	23	43311	17	8	24	0	0	0	0	0	0	0	0	0	0	0	0	0	0	
722.047683	8	3	3	0	1	2	2	4098	674	23	43371	17	8	24	0	0	0	0	0	0	0	0	0	0	0	0	0	0	
723.051367	8	3	3	0	1	2	2	4116	675	23	43431	17	8	24	0	0	0	0	0	0	0	0	0	0	0	0	0	0	
724.052167	8	3	3	0	1	2	2	4130	665	23	43491	17	8	24	0	0	0	0	0	0	0	0	0	0	0	0	0	0	
725.054400	8	3	3	0	1	2	2	4142	661	23	43551	17	8	24	0	0	0	0	0	0	0	0	0	0	0	0	0	0	
726.062400	8	3	3	0	1	2	2	4154	661	23	43612	17	8	24	0	0	0	0	0	0	0	0	0	0	0	0	0	0	
727.047367	8	3	3	0	1	2	2	4165	658	23	43671	17	8	24	0	0	0	0	0	0	0	0	0	0	0	0	0	0	
728.048167	8	3	3	0	1	2	2	4176	657	23	43731	17	8	24	0	0	0	0	0	0	0	0	0	0	0	0	0	0	
729.053283	8	3	3	0	1	2	2	4185	656	23	43791	17	8	24	0	0	0	0	0	0	0	0	0	0	0	0	0	0	
730.052633	8	3	3	0	1	2	2	4196	652	23	43851	17	8	24	0	0	0	0	0	0	0	0	0	0	0	0	0	0	
731.053433	8	3	3	0	1	2	2	4199	620	23	43911	17	8	24	0	0	0	0	0	0	0	0	0	0	0	0	0	0	
732.054233	8	3	3	0	1	2	2	4198	580	23	43971	17	8	24	0	0	0	0	0	0	0	0	0	0	0	0	0	0	
733.055033	8	3	3	0	1	2	2	4198	546	23	44031	17	8	24	0	0	0	0	0	0	0	0	0	0	0	0	0	0	
734.061600	8	3	3	0	1	2	2	4199	512	23	44092	17	8	24	0	0	0	0	0	0	0	0	0	0	0	0	0	0	
735.048000	8	3	3	0	1	2	2	4198	483	23	44151	17	8	24	0	0	0	0	0	0	0	0	0	0	0	0	0	0	
736.048800	8	3	3	0	1	2	2	4198	457	23	44211	17	8	24	0	0	0	0	0	0	0	0	0	0	0	0	0	0	
737.051033	8	3	3	0	1	2	2	4199	434	23	44271	17	8	24	0	0	0	0	0	0	0	0	0	0	0	0	0	0	
738.054717	8	3	3	0	1	2	2	4198	409	23	44331	17	8	24	0	0	0	0	0	0	0	0	0	0	0	0	0	0	
739.055517	8	3	3	0	1	2	2	4199	388	23	44391	17	8	24	0	0	0	0	0	0	0	0	0	0	0	0	0	0	
740.054883	8	3	3	0	1	2	2	4198	368	23	44451	17	8	24	0	0	0	0	0	0	0	0	0	0	0	0	0	0	
741.060000	8	3	3	0	1	2	2	4198	349	23	44511	17	8	24	0	0	0	0	0	0	0	0	0	0	0	0	0	0	
742.060800	8	3	3	0	1	2	2	4199	332	23	44571	17	8	24	0	0	0	0	0	0	0	0	0	0	0	0	0	0	
743.061600	8	3	3	0	1	2	2	4199	316	23	44631	17	8	24	0	0	0	0	0	0	0	0	0	0	0	0	0	0	
744.062400	8	3	3	0	1	2	2	4198	301	23	44691	17	8	24	0	0	0	0	0	0	0	0	0	0	0	0	0	0	
745.063200	8	3	3	0	1	2	2	4199	287	23	44752	17	8	24	0	0	0	0	0	0	0	0	0	0	0	0	0	0	
746.048167	8	3	3	0	1	2	2	4199	273	23	44811	17	8	24	0	0	0	0	0	0	0	0	0	0	0	0	0	0	
747.048967	8	3	3	0	1	2	2	4198	262	23	44871	17	8	24	0	0	0	0	0	0	0	0	0	0	0	0	0	0	
748.054083	8	3	3	0	1	2	2	4199	252	23	44931	17	8	24	0	0	0	0	0	0	0	0	0	0	0	0	0	0	
749.047683	8	3	3	0	1	2	2	4198	239	23	44991	17	8	24	0	0	0	0	0	0	0	0	0	0	0	0	0	0	
750.048483	8	3	3	0	1	2	2	4199	227	23	45051	17	8	24	0	0	0	0	0	0	0	0	0	0	0	0	0	0	
751.049283	8	3	3	0	1	2	2	4198	218	23	45111	17	8	24	0	0	0	0	0	0	0	0	0	0	0	0	0	0	
752.050083	8	3	3	0	1	2	2	4198	209	23	45171	17	8	24	0	0	0	0	0	0	0	0	0	0	0	0	0	0	
753.053767	8	3	3	0	1	2	2	4198	199	23	45231	17	8	24	0	0	0	0	0	0	0	0	0	0	0	0	0	0	
754.054567	8	3	3	0	1	2	2	4198	191	23	45291	17	8	24	0	0	0	0	0	0	0	0	0	0	0	0	0	0	
755.055367	8	3	3	0	1	2	2	4198	183	23	45351	17	8	24	0	0	0	0	0	0	0	0	0	0	0	0	0	0	
756.056167	8	3	3	0	1	2	2	4199	174	23	45411	17	8	24	0	0	0	0	0	0	0	0	0	0	0	0	0	0	
757.056967	8	3	3	0	1	2	2	4199	167	23	45471	17	8	24	0	0	0	0	0	0	0	0	0	0	0	0	0	0	
758.060633	8	3	3	0	1	2	2	4198	160	23	45531	17	8	24	0	0	0	0	0	0	0	0	0	0	0	0	0	0	
759.061433	8	3	3	0	1	2	2	4199	154	23	45591	17	8	24	0	0	0	0	0	0	0	0	0	0	0	0	0	0	
760.063683	8	3	3	0	1	2	2	4199	149	23	45652	17	8	24	0	0	0	0	0	0	0	0	0	0	0	0	0	0	
761.048633	8	3	3	0	1	2	2	4199	140	23	45711	17	8	24	0	0	0	0	0	0	0	0	0	0	0	0	0	0	
762.050883	8	3	3	0	1	2	2	4199	138	23	45771	17	8	24	0	0	0	0	0	0	0	0	0	0	0	0	0	0	
763.057433	8	3	3	0	1	2	2	4199	130	23	45831	17	8	24	0	0	0	0	0	0	0	0	0	0	0	0	0	0	
764.061117	8	3	3	0	1	2	2	4199	125	23	45891	17	8	24	0	0	0	0	0	0	0	0	0	0	0	0	0	0	
765.061917	8	3	3	0	1	2	2	4199	121	23	45951	17	8	24	0	0	0	0	0	0	0	0	0	0	0	0	0	0	
766.062717	8	3	3	0	1	2	2	4198	115	23	46011	17	8	24	0	0	0	0	0	0	0	0	0	0	0	0	0	0	
767.063517	8	3	3	0	1	2	2	4198	110	23	46072	17	8	24	0	0	0	0	0	0	0	0	0	0	0	0	0	0	
768.049917	8	3	3	0	1	2	2	4198	107	23	46131	17	8	24	0	0	0	0	0	0	0	0	0	0	0	0	0	0	
769.049283	8	3	3	0	1	2	2	4198	102	23	46191	17	8	24	0	0	0	0	0	0	0	0	0	0	0	0	0	0	
770.050083	8	3	3	0	1	2	2	4198	98	23	46251	17	8	24	0	0	0	0	0	0	0	0	0	0	0	0	0	0	
771.050883	8	3	3	0	1	2	2	4198	95	23	46311	17	8	24	0	0	0	0	0	0	0	0	0	0	0	0	0	0	
772.050233	8	3	3	0	1	2	2	4199	93	23	46371	17	8	24	0	0	0	0	0	0	0	0	0	0	0	0	0	0	
773.058233	8	3	3	0	1	2	2	4198	87	23	46431	17	8	24	0	0	0	0	0	0	0	0	0	0	0	0	0	0	
774.057600	8	3	3	0	1	2	2	4198	84	23	46491	17	8	24	0	0	0	0	0	0	0	0	0	0	0	0	0	0	
775.062717	8	3	3	0	1	2	2	4198	80	23	46551	17	8	24	0	0	0	0	0	0	0	0	0	0	0	0	0	0	
776.064967	8	3	3	0	1	2	2	4199	80	23	46612	17	8	24	0	0	0	0	0	0	0	0	0	0	0	0	0	0	
777.052800	8	3	3	0	1	2	2	4198	75	23	46671	17	8	24	0	0	0	0	0	0	0	0	0	0	0	0	0	0	
778.057917	8	3	3	0	1	2	2	4199	73	23	46731	17	8	24	0	0	0	0	0	0	0	0	0	0	0	0	0	0	
779.058717	8	3	3	0	1	2	2	4198	70	23	46791	17	8	24	0	0	0	0	0	0	0	0	0	0	0	0	0	0	
780.058083	8	3	3	0	1	2	2	4199	67	23	46851	17	8	24	0	0	0	0	0	0	0	0	0	0	0	0	0	0	
780.351833	8	6	3	0	2	7	1	3977	-1215	23	46869	17	9	0	0	0	0	0	0	0	0	0	0	0	0	0	0	0	
781.064633	8	6	3	0	2	7	1	3868	-1350	23	46911	17	9	1	0	0	0	0	0	0	0	0	0	0	0	0	0	0	
782.065433	8	6	3	0	2	7	1	3743	-1350	23	46972	17	9	2	0	0	0	0	0	0	0	0	0	0	0	0	0	0	
783.050400	8	6	3	0	2	7	1	3568	-1350	23	47031	17	9	4	0	0	0	0	0	0	0	0	0	0	0	0	0	0	
784.051200	8	6	3	0	2	7	1	3473	-1350	23	47091	17	9	6	0	0	0	0	0	0	0	0	0	0	0	0	0	0	
785.052000	8	6	3	0	2	7	1	3415	-1348	23	47151	17	9	7	0	0	0	0	0	0	0	0	0	0	0	0	0	0	
786.052800	8	6	3	0	2	7	1	3367	-1350	23	47211	17	9	9	0	0	0	0	0	0	0	0	0	0	0	0	0	0	
787.053600	8	6	3	0	2	7	1	3326	-1349	23	47271	17	9	11	0	0	0	0	0	0	0	0	0	0	0	0	0	0	
788.057283	8	6	3	0	2	7	1	3286	-1351	23	47331	17	9	12	0	0	0	0	0	0	0	0	0	0	0	0	0	0	
789.058083	8	6	3	0	2	7	1	3248	-1350	23	47391	17	9	14	0	0	0	0	0	0	0	0	0	0	0	0	0	0	
790.060317	8	6	3	0	2	7	1	3207	-1349	23	47451	17	9	16	0	0	0	0	0	0	0	0	0	0	0	0	0	0	
791.068317	8	6	3	0	2	7	1	3153	-1349	23	47512	17	9	17	0	0	0	0	0	0	0	0	0	0	0	0	0	0	
792.053283	8	6	3	0	2	7	1	3079	-1350	23	47571	17	9	19	0	0	0	0	0	0	0	0	0	0	0	0	0	0	
793.054083	8	6	3	0	2	7	1	2968	-1351	23	47631	17	9	20	0	0	0	0	0	0	0	0	0	0	0	0	0	0	
794.057767	8	6	3	0	2	7	1	2805	-1349	23	47691	17	9	22	0	0	0	0	0	0	0	0	0	0	0	0	0	0	
794.694233	8	15	3	0	1	31	2	3609	665	23	47729	19	9	23	0	0	0	0	0	0	0	0	0	0	0	0	0	0	
794.714400	8	3	3	0	1	2	2	3726	678	23	47730	19	9	23	0	0	0	0	0	0	0	0	0	0	0	0	0	0	
795.060000	8	3	3	0	1	2	2	3929	675	23	47751	19	9	23	0	0	0	0	0	0	0	0	0	0	0	0	0	0	
796.066567	8	3	3	0	1	2	2	4015	675	23	47812	19	9	23	0	0	0	0	0	0	0	0	0	0	0	0	0	0	
797.052967	8	3	3	0	1	2	2	4060	674	23	47871	19	9	23	0	0	0	0	0	0	0	0	0	0	0	0	0	0	
798.053767	8	3	3	0	1	2	2	4089	675	23	47931	19	9	23	0	0	0	0	0	0	0	0	0	0	0	0	0	0	
799.054567	8	3	3	0	1	2	2	4111	675	23	47991	19	9	23	0	0	0	0	0	0	0	0	0	0	0	0	0	0	
800.058233	8	3	3	0	1	2	2	4126	664	23	48051	19	9	23	0	0	0	0	0	0	0	0	0	0	0	0	0	0	
801.059033	8	3	3	0	1	2	2	4139	661	23	48111	19	9	23	0	0	0	0	0	0	0	0	0	0	0	0	0	0	
802.059833	8	3	3	0	1	2	2	4152	661	23	48171	19	9	23	0	0	0	0	0	0	0	0	0	0	0	0	0	0	
803.060633	8	3	3	0	1	2	2	4163	658	23	48231	19	9	23	0	0	0	0	0	0	0	0	0	0	0	0	0	0	
804.061433	8	3	3	0	1	2	2	4174	656	23	48291	19	9	23	0	0	0	0	0	0	0	0	0	0	0	0	0	0	
805.068000	8	3	3	0	1	2	2	4184	654	23	48352	19	9	23	0	0	0	0	0	0	0	0	0	0	0	0	0	0	
806.054400	8	3	3	0	1	2	2	4194	656	23	48411	19	9	23	0	0	0	0	0	0	0	0	0	0	0	0	0	0	
807.062400	8	3	3	0	1	2	2	4198	625	23	48471	19	9	23	0	0	0	0	0	0	0	0	0	0	0	0	0	0	
808.067517	8	3	3	0	1	2	2	4199	584	23	48532	19	9	23	0	0	0	0	0	0	0	0	0	0	0	0	0	0	
809.052483	8	3	3	0	1	2	2	4198	548	23	48591	19	9	23	0	0	0	0	0	0	0	0	0	0	0	0	0	0	
810.053283	8	3	3	0	1	2	2	4198	514	23	48651	19	9	23	0	0	0	0	0	0	0	0	0	0	0	0	0	0	
811.054083	8	3	3	0	1	2	2	4199	485	23	48711	19	9	23	0	0	0	0	0	0	0	0	0	0	0	0	0	0	
812.054883	8	3	3	0	1	2	2	4198	457	23	48771	19	9	23	0	0	0	0	0	0	0	0	0	0	0	0	0	0	
813.052800	8	3	3	0	1	2	2	4199	433	23	48831	19	9	23	0	0	0	0	0	0	0	0	0	0	0	0	0	0	
814.053600	8	3	3	0	1	2	2	4198	409	23	48891	19	9	23	0	0	0	0	0	0	0	0	0	0	0	0	0	0	
815.054400	8	3	3	0	1	2	2	4198	387	23	48951	19	9	23	0	0	0	0	0	0	0	0	0	0	0	0	0	0	
816.055200	8	3	3	0	1	2	2	4198	367	23	49011	19	9	23	0	0	0	0	0	0	0	0	0	0	0	0	0	0	
817.058883	8	3	3	0	1	2	2	4198	348	23	49071	19	9	23	0	0	0	0	0	0	0	0	0	0	0	0	0	0	
818.061117	8	3	3	0	1	2	2	4199	332	23	49131	19	9	23	0	0	0	0	0	0	0	0	0	0	0	0	0	0	
819.067683	8	3	3	0	1	2	2	4199	316	23	49191	19	9	23	0	0	0	0	0	0	0	0	0	0	0	0	0	0	
820.055517	8	3	3	0	1	2	2	4198	299	23	49251	19	9	23	0	0	0	0	0	0	0	0	0	0	0	0	0	0	
821.060633	8	3	3	0	1	2	2	4198	285	23	49311	19	9	23	0	0	0	0	0	0	0	0	0	0	0	0	0	0	
822.060000	8	3	3	0	1	2	2	4198	272	23	49371	19	9	23	0	0	0	0	0	0	0	0	0	0	0	0	0	0	
823.060800	8	3	3	0	1	2	2	4199	260	23	49431	19	9	23	0	0	0	0	0	0	0	0	0	0	0	0	0	0	
824.061600	8	3	3	0	1	2	2	4198	247	23	49491	19	9	23	0	0	0	0	0	0	0	0	0	0	0	0	0	0	
825.062400	8	3	3	0	1	2	2	4198	236	23	49551	19	9	23	0	0	0	0	0	0	0	0	0	0	0	0	0	0	
826.066083	8	3	3	0	1	2	2	4199	225	23	49611	19	9	23	0	0	0	0	0	0	0	0	0	0	0	0	0	0	
827.066883	8	3	3	0	1	2	2	4199	215	23	49671	19	9	23	0	0	0	0	0	0	0	0	0	0	0	0	0	0	
828.067683	8	3	3	0	1	2	2	4198	206	23	49731	19	9	23	0	0	0	0	0	0	0	0	0	0	0	0	0	0	
829.068483	8	3	3	0	1	2	2	4198	197	23	49792	19	9	23	0	0	0	0	0	0	0	0	0	0	0	0	0	0	
830.056317	8	3	3	0	1	2	2	4199	190	23	49851	19	9	23	0	0	0	0	0	0	0	0	0	0	0	0	0	0	
831.061433	8	3	3	0	1	2	2	4198	180	23	49911	19	9	23	0	0	0	0	0	0	0	0	0	0	0	0	0	0	
832.062233	8	3	3	0	1	2	2	4198	173	23	49971	19	9	23	0	0	0	0	0	0	0	0	0	0	0	0	0	0	
833.061600	8	3	3	0	1	2	2	4199	169	23	50031	19	9	23	0	0	0	0	0	0	0	0	0	0	0	0	0	0	
834.060967	8	3	3	0	1	2	2	4199	158	23	50091	19	9	23	0	0	0	0	0	0	0	0	0	0	0	0	0	0	
835.061767	8	3	3	0	1	2	2	4198	152	23	50151	19	9	23	0	0	0	0	0	0	0	0	0	0	0	0	0	0	
836.062567	8	3	3	0	1	2	2	4199	146	23	50211	19	9	23	0	0	0	0	0	0	0	0	0	0	0	0	0	0	
837.063367	8	3	3	0	1	2	2	4198	140	23	50271	19	9	23	0	0	0	0	0	0	0	0	0	0	0	0	0	0	
838.067033	8	3	3	0	1	2	2	4198	134	23	50331	19	9	23	0	0	0	0	0	0	0	0	0	0	0	0	0	0	
839.067833	8	3	3	0	1	2	2	4199	128	23	50391	19	9	23	0	0	0	0	0	0	0	0	0	0	0	0	0	0	
840.068633	8	3	3	0	1	2	2	4198	122	23	50451	19	9	23	0	0	0	0	0	0	0	0	0	0	0	0	0	0	
841.069433	8	3	3	0	1	2	2	4199	119	23	50511	19	9	23	0	0	0	0	0	0	0	0	0	0	0	0	0	0	
842.073117	8	3	3	0	1	2	2	4199	114	23	50572	19	9	23	0	0	0	0	0	0	0	0	0	0	0	0	0	0	
843.058083	8	3	3	0	1	2	2	4198	109	23	50631	19	9	23	0	0	0	0	0	0	0	0	0	0	0	0	0	0	
844.063200	8	3	3	0	1	2	2	4198	106	23	50691	19	9	23	0	0	0	0	0	0	0	0	0	0	0	0	0	0	
845.062567	8	3	3	0	1	2	2	4199	101	23	50751	19	9	23	0	0	0	0	0	0	0	0	0	0	0	0	0	0	
846.063367	8	3	3	0	1	2	2	4199	98	23	50811	19	9	23	0	0	0	0	0	0	0	0	0	0	0	0	0	0	
847.065600	8	3	3	0	1	2	2	4199	97	23	50871	19	9	23	0	0	0	0	0	0	0	0	0	0	0	0	0	0	
848.073600	8	3	3	0	1	2	2	4199	89	23	50932	19	9	23	0	0	0	0	0	0	0	0	0	0	0	0	0	0	
849.058567	8	3	3	0	1	2	2	4198	85	23	50991	19	9	23	0	0	0	0	0	0	0	0	0	0	0	0	0	0	
850.062233	8	3	3	0	1	2	2	4198	84	23	51051	19	9	23	0	0	0	0	0	0	0	0	0	0	0	0	0	0	
851.063033	8	3	3	0	1	2	2	4198	80	23	51111	19	9	23	0	0	0	0	0	0	0	0	0	0	0	0	0	0	
852.063833	8	3	3	0	1	2	2	4198	77	23	51171	19	9	23	0	0	0	0	0	0	0	0	0	0	0	0	0	0	
853.066083	8	3	3	0	1	2	2	4199	76	23	51231	19	9	23	0	0	0	0	0	0	0	0	0	0	0	0	0	0	
854.069767	8	3	3	0	1	2	2	4199	70	23	51291	19	9	23	0	0	0	0	0	0	0	0	0	0	0	0	0	0	
855.070567	8	3	3	0	1	2	2	4198	68	23	51352	19	9	23	0	0	0	0	0	0	0	0	0	0	0	0	0	0	
855.789117	8	6	3	0	2	7	1	3947	-1349	23	51395	19	10	0	0	0	0	0	0	0	0	0	0	0	0	0	0	0	
856.058400	8	6	3	0	2	7	1	3907	-1349	23	51411	19	10	0	0	0	0	0	0	0	0	0	0	0	0	0	0	0	
857.059200	8	6	3	0	2	7	1	3810	-1348	23	51471	19	10	2	0	0	0	0	0	0	0	0	0	0	0	0	0	0	
858.062883	8	6	3	0	2	7	1	3627	-1350	23	51531	19	10	3	0	0	0	0	0	0	0	0	0	0	0	0	0	0	
859.063683	8	6	3	0	2	7	1	3502	-1350	23	51591	19	10	5	0	0	0	0	0	0	0	0	0	0	0	0	0	0	
860.064483	8	6	3	0	2	7	1	3434	-1349	23	51651	19	10	6	0	0	0	0	0	0	0	0	0	0	0	0	0	0	
861.063833	8	6	3	0	2	7	1	3383	-1349	23	51711	19	10	8	0	0	0	0	0	0	0	0	0	0	0	0	0	0	
862.073283	8	6	3	0	2	7	1	3341	-1349	23	51772	19	10	10	0	0	0	0	0	0	0	0	0	0	0	0	0	0	
863.058233	8	6	3	0	2	7	1	3300	-1349	23	51831	19	10	11	0	0	0	0	0	0	0	0	0	0	0	0	0	0	
864.063367	8	6	3	0	2	7	1	3265	-1351	23	51891	19	10	13	0	0	0	0	0	0	0	0	0	0	0	0	0	0	
865.065600	8	6	3	0	2	7	1	3225	-1349	23	51951	19	10	15	0	0	0	0	0	0	0	0	0	0	0	0	0	0	
866.073600	8	6	3	0	2	7	1	3176	-1350	23	52012	19	10	16	0	0	0	0	0	0	0	0	0	0	0	0	0	0	
867.058567	8	6	3	0	2	7	1	3113	-1350	23	52071	19	10	18	0	0	0	0	0	0	0	0	0	0	0	0	0	0	
868.059367	8	6	3	0	2	7	1	3015	-1350	23	52131	19	10	20	0	0	0	0	0	0	0	0	0	0	0	0	0	0	
869.060167	8	6	3	0	2	7	1	2872	-1350	23	52191	19	10	21	0	0	0	0	0	0	0	0	0	0	0	0	0	0	
870.063833	8	6	3	0	2	7	2	2689	0	23	52251	20	10	23	0	0	0	0	0	0	0	0	0	0	0	0	0	0	
870.089767	8	15	3	0	1	31	2	3659	677	23	52253	21	10	23	0	0	0	0	0	0	0	0	0	0	0	0	0	0	
870.109917	8	3	3	0	1	2	2	3738	678	23	52254	21	10	23	0	0	0	0	0	0	0	0	0	0	0	0	0	0	
871.071833	8	3	3	0	1	2	2	3991	673	23	52311	21	10	23	0	0	0	0	0	0	0	0	0	0	0	0	0	0	
872.072633	8	3	3	0	1	2	2	4046	674	23	52372	21	10	23	0	0	0	0	0	0	0	0	0	0	0	0	0	0	
873.057600	8	3	3	0	1	2	2	4080	674	23	52431	21	10	23	0	0	0	0	0	0	0	0	0	0	0	0	0	0	
874.058400	8	3	3	0	1	2	2	4104	674	23	52491	21	10	23	0	0	0	0	0	0	0	0	0	0	0	0	0	0	
875.057767	8	3	3	0	1	2	2	4121	666	23	52551	21	10	23	0	0	0	0	0	0	0	0	0	0	0	0	0	0	
876.064317	8	3	3	0	1	2	2	4135	662	23	52611	21	10	23	0	0	0	0	0	0	0	0	0	0	0	0	0	0	
877.075200	8	3	3	0	1	2	2	4148	662	23	52672	21	10	23	0	0	0	0	0	0	0	0	0	0	0	0	0	0	
878.060167	8	3	3	0	1	2	2	4160	663	23	52731	21	10	23	0	0	0	0	0	0	0	0	0	0	0	0	0	0	
879.063833	8	3	3	0	1	2	2	4172	663	23	52791	21	10	23	0	0	0	0	0	0	0	0	0	0	0	0	0	0	
880.066083	8	3	3	0	1	2	2	4182	663	23	52851	21	10	23	0	0	0	0	0	0	0	0	0	0	0	0	0	0	
881.066883	8	3	3	0	1	2	2	4193	660	23	52911	21	10	23	0	0	0	0	0	0	0	0	0	0	0	0	0	0	
882.066233	8	3	3	0	1	2	2	4198	635	23	52971	21	10	23	0	0	0	0	0	0	0	0	0	0	0	0	0	0	
883.071367	8	3	3	0	1	2	2	4199	593	23	53031	21	10	23	0	0	0	0	0	0	0	0	0	0	0	0	0	0	
884.070717	8	3	3	0	1	2	2	4199	558	23	53091	21	10	23	0	0	0	0	0	0	0	0	0	0	0	0	0	0	
885.071517	8	3	3	0	1	2	2	4199	524	23	53151	21	10	23	0	0	0	0	0	0	0	0	0	0	0	0	0	0	
886.072317	8	3	3	0	1	2	2	4199	492	23	53211	21	10	23	0	0	0	0	0	0	0	0	0	0	0	0	0	0	
887.073117	8	3	3	0	1	2	2	4198	465	23	53272	21	10	23	0	0	0	0	0	0	0	0	0	0	0	0	0	0	
888.059517	8	3	3	0	1	2	2	4199	441	23	53331	21	10	23	0	0	0	0	0	0	0	0	0	0	0	0	0	0	
889.066083	8	3	3	0	1	2	2	4198	415	23	53391	21	10	23	0	0	0	0	0	0	0	0	0	0	0	0	0	0	
890.068317	8	3	3	0	1	2	2	4199	394	23	53451	21	10	23	0	0	0	0	0	0	0	0	0	0	0	0	0	0	
891.073433	8	3	3	0	1	2	2	4198	371	23	53511	21	10	23	0	0	0	0	0	0	0	0	0	0	0	0	0	0	
892.072800	8	3	3	0	1	2	2	4199	352	23	53571	21	10	23	0	0	0	0	0	0	0	0	0	0	0	0	0	0	
893.073600	8	3	3	0	1	2	2	4198	335	23	53632	21	10	23	0	0	0	0	0	0	0	0	0	0	0	0	0	0	
894.058567	8	3	3	0	1	2	2	4198	318	23	53691	21	10	23	0	0	0	0	0	0	0	0	0	0	0	0	0	0	
895.059367	8	3	3	0	1	2	2	4198	303	23	53751	21	10	23	0	0	0	0	0	0	0	0	0	0	0	0	0	0	
896.060167	8	3	3	0	1	2	2	4198	289	23	53811	21	10	23	0	0	0	0	0	0	0	0	0	0	0	0	0	0	
897.060967	8	3	3	0	1	2	2	4199	275	23	53871	21	10	23	0	0	0	0	0	0	0	0	0	0	0	0	0	0	
898.061767	8	3	3	0	1	2	2	4198	261	23	53931	21	10	23	0	0	0	0	0	0	0	0	0	0	0	0	0	0	
899.065433	8	3	3	0	1	2	2	4198	250	23	53991	21	10	23	0	0	0	0	0	0	0	0	0	0	0	0	0	0	
900.072000	8	3	3	0	1	2	2	4199	238	23	54051	21	10	23	0	0	0	0	0	0	0	0	0	0	0	0	0	0	
901.075683	8	3	3	0	1	2	2	4198	228	23	54112	21	10	23	0	0	0	0	0	0	0	0	0	0	0	0	0	0	
902.060633	8	3	3	0	1	2	2	4198	218	23	54171	21	10	23	0	0	0	0	0	0	0	0	0	0	0	0	0	0	
903.061433	8	3	3	0	1	2	2	4198	209	23	54231	21	10	23	0	0	0	0	0	0	0	0	0	0	0	0	0	0	
904.063683	8	3	3	0	1	2	2	4199	201	23	54291	21	10	23	0	0	0	0	0	0	0	0	0	0	0	0	0	0	
905.067367	8	3	3	0	1	2	2	4198	190	23	54351	21	10	23	0	0	0	0	0	0	0	0	0	0	0	0	0	0	
906.068167	8	3	3	0	1	2	2	4198	182	23	54411	21	10	23	0	0	0	0	0	0	0	0	0	0	0	0	0	0	
907.068967	8	3	3	0	1	2	2	4199	176	23	54471	21	10	23	0	0	0	0	0	0	0	0	0	0	0	0	0	0	
908.072633	8	3	3	0	1	2	2	4198	167	23	54531	21	10	23	0	0	0	0	0	0	0	0	0	0	0	0	0	0	
909.073433	8	3	3	0	1	2	2	4198	159	23	54591	21	10	23	0	0	0	0	0	0	0	0	0	0	0	0	0	0	
910.074233	8	3	3	0	1	2	2	4198	153	23	54651	21	10	23	0	0	0	0	0	0	0	0	0	0	0	0	0	0	
911.076483	8	3	3	0	1	2	2	4199	149	23	54712	21	10	23	0	0	0	0	0	0	0	0	0	0	0	0	0	0	
912.061433	8	3	3	0	1	2	2	4199	141	23	54771	21	10	23	0	0	0	0	0	0	0	0	0	0	0	0	0	0	
913.062233	8	3	3	0	1	2	2	4198	135	23	54831	21	10	23	0	0	0	0	0	0	0	0	0	0	0	0	0	0	
914.067367	8	3	3	0	1	2	2	4198	129	23	54891	21	10	23	0	0	0	0	0	0	0	0	0	0	0	0	0	0	
915.068167	8	3	3	0	1	2	2	4198	124	23	54951	21	10	23	0	0	0	0	0	0	0	0	0	0	0	0	0	0	
916.067517	8	3	3	0	1	2	2	4198	120	23	55011	21	10	23	0	0	0	0	0	0	0	0	0	0	0	0	0	0	
917.068317	8	3	3	0	1	2	2	4198	115	23	55071	21	10	23	0	0	0	0	0	0	0	0	0	0	0	0	0	0	
918.070567	8	3	3	0	1	2	2	4199	113	23	55131	21	10	23	0	0	0	0	0	0	0	0	0	0	0	0	0	0	
919.077117	8	3	3	0	1	2	2	4198	106	23	55192	21	10	23	0	0	0	0	0	0	0	0	0	0	0	0	0	0	
920.062083	8	3	3	0	1	2	2	4198	101	23	55251	21	10	23	0	0	0	0	0	0	0	0	0	0	0	0	0	0	
921.062883	8	3	3	0	1	2	2	4198	98	23	55311	21	10	23	0	0	0	0	0	0	0	0	0	0	0	0	0	0	
922.063683	8	3	3	0	1	2	2	4199	95	23	55371	21	10	23	0	0	0	0	0	0	0	0	0	0	0	0	0	0	
923.061600	8	3	3	0	1	2	2	4198	92	23	55431	21	10	23	0	0	0	0	0	0	0	0	0	0	0	0	0	0	
924.069600	8	3	3	0	1	2	2	4198	87	23	55491	21	10	23	0	0	0	0	0	0	0	0	0	0	0	0	0	0	
925.070400	8	3	3	0	1	2	2	4198	83	23	55551	21	10	23	0	0	0	0	0	0	0	0	0	0	0	0	0	0	
926.074083	8	3	3	0	1	2	2	4198	81	23	55611	21	10	23	0	0	0	0	0	0	0	0	0	0	0	0	0	0	
927.074883	8	3	3	0	1	2	2	4199	78	23	55671	21	10	23	0	0	0	0	0	0	0	0	0	0	0	0	0	0	
928.075683	8	3	3	0	1	2	2	4198	75	23	55731	21	10	23	0	0	0	0	0	0	0	0	0	0	0	0	0	0	
929.076483	8	3	3	0	1	2	2	4198	71	23	55791	21	10	23	0	0	0	0	0	0	0	0	0	0	0	0	0	0	
930.077283	8	3	3	0	1	2	2	4199	69	23	55852	21	10	23	0	0	0	0	0	0	0	0	0	0	0	0	0	0	
931.062233	8	3	3	0	1	2	2	4198	67	23	55911	21	10	23	0	0	0	0	0	0	0	0	0	0	0	0	0	0	
931.163033	8	6	3	0	2	7	1	3949	-1350	23	55917	21	11	0	0	0	0	0	0	0	0	0	0	0	0	0	0	0	
932.064483	8	6	3	0	2	7	1	3850	-1350	23	55971	21	11	1	0	0	0	0	0	0	0	0	0	0	0	0	0	0	
933.072483	8	6	3	0	2	7	1	3701	-1349	23	56031	21	11	3	0	0	0	0	0	0	0	0	0	0	0	0	0	0	
934.076167	8	6	3	0	2	7	1	3532	-1349	23	56091	21	11	4	0	0	0	0	0	0	0	0	0	0	0	0	0	0	
935.062567	8	6	3	0	2	7	1	3455	-1350	23	56151	21	11	6	0	0	0	0	0	0	0	0	0	0	0	0	0	0	
936.063367	8	6	3	0	2	7	1	3403	-1348	23	56211	21	11	7	0	0	0	0	0	0	0	0	0	0	0	0	0	0	
937.064167	8	6	3	0	2	7	1	3357	-1350	23	56271	21	11	9	0	0	0	0	0	0	0	0	0	0	0	0	0	0	
938.064967	8	6	3	0	2	7	1	3318	-1351	23	56331	21	11	11	0	0	0	0	0	0	0	0	0	0	0	0	0	0	
939.068633	8	6	3	0	2	7	1	3281	-1350	23	56391	21	11	12	0	0	0	0	0	0	0	0	0	0	0	0	0	0	
940.069433	8	6	3	0	2	7	1	3240	-1350	23	56451	21	11	14	0	0	0	0	0	0	0	0	0	0	0	0	0	0	
941.070233	8	6	3	0	2	7	1	3193	-1349	23	56511	21	11	16	0	0	0	0	0	0	0	0	0	0	0	0	0	0	
942.071033	8	6	3	0	2	7	1	3131	-1350	23	56571	21	11	17	0	0	0	0	0	0	0	0	0	0	0	0	0	0	
943.071833	8	6	3	0	2	7	1	3044	-1349	23	56631	21	11	19	0	0	0	0	0	0	0	0	0	0	0	0	0	0	
944.075517	8	6	3	0	2	7	1	2922	-1350	23	56691	21	11	21	0	0	0	0	0	0	0	0	0	0	0	0	0	0	
945.076317	8	6	3	0	2	7	1	2760	-1348	23	56751	21	11	22	0	0	0	0	0	0	0	0	0	0	0	0	0	0	
945.469433	10	0	5	0	0	15	0	3052	0	23	56775	21	11	23	0	0	0	0	0	0	0	0	0	0	0	0	0	0	
945.478083	8	15	3	0	0	31	0	3353	0	23	56775	21	11	23	0	0	0	0	0	0	0	0	0	0	0	0	0	0	
