Time	Status code	Status category	Status color	Pgm code	Pgm step	Pgm para	Pgm cycle	mV	mA	Temperature	Duration	Charge count	Discharge count	Capacity	Analog input 1	Analog input 2	Analog input 3	Analog input 4	Digital input 1	Digital input 2	Digital input 3	Digital input 4	Digital output 1	Digital output 2	Digital output 3	Digital output 4	Analog output 1	Analog output 2	
0.000000	8	3	3	0	1	2	2	3972	675	27	36	1	0	0	0	0	0	0	0	0	0	0	0	0	0	0	0	0	
0.990717	8	3	3	0	1	2	2	3993	674	27	96	1	0	0	0	0	0	0	0	0	0	0	0	0	0	0	0	0	
2.004483	8	3	3	0	1	2	2	4005	673	28	157	1	0	0	0	0	0	0	0	0	0	0	0	0	0	0	0	0	
2.992317	8	3	3	0	1	2	2	4015	675	28	216	1	0	0	0	0	0	0	0	0	0	0	0	0	0	0	0	0	
4.006083	8	3	3	0	1	2	2	4024	674	28	277	1	0	0	0	0	0	0	0	0	0	0	0	0	0	0	0	0	
4.993917	8	3	3	0	1	2	2	4031	675	29	336	1	0	0	0	0	0	0	0	0	0	0	0	0	0	0	0	0	
6.006233	8	3	3	0	1	2	2	4039	675	29	397	1	0	0	0	0	0	0	0	0	0	0	0	0	0	0	0	0	
6.998400	8	3	3	0	1	2	2	4047	674	29	456	1	0	0	0	0	0	0	0	0	0	0	0	0	0	0	0	0	
8.007833	8	3	3	0	1	2	2	4054	675	29	517	1	0	0	0	0	0	0	0	0	0	0	0	0	0	0	0	0	
9.002883	8	3	3	0	1	2	2	4061	675	29	576	1	0	0	0	0	0	0	0	0	0	0	0	0	0	0	0	0	
9.999367	8	3	3	0	1	2	2	4069	674	30	636	1	0	0	0	0	0	0	0	0	0	0	0	0	0	0	0	0	
10.997283	8	3	3	0	1	2	2	4076	675	30	696	1	0	0	0	0	0	0	0	0	0	0	0	0	0	0	0	0	
12.003833	8	3	3	0	1	2	2	4084	674	29	756	1	0	0	0	0	0	0	0	0	0	0	0	0	0	0	0	0	
13.004633	8	3	3	0	1	2	2	4092	674	29	816	1	0	0	0	0	0	0	0	0	0	0	0	0	0	0	0	0	
14.005433	8	3	3	0	1	2	2	4100	675	29	877	1	0	0	0	0	0	0	0	0	0	0	0	0	0	0	0	0	
14.990400	8	3	3	0	1	2	2	4108	675	30	936	1	0	0	0	0	0	0	0	0	0	0	0	0	0	0	0	0	
15.991200	8	3	3	0	1	2	2	4116	675	30	996	1	0	0	0	0	0	0	0	0	0	0	0	0	0	0	0	0	
16.992000	8	3	3	0	1	2	2	4123	667	30	1056	1	0	0	0	0	0	0	0	0	0	0	0	0	0	0	0	0	
17.992800	8	3	3	0	1	2	2	4130	664	30	1116	1	0	0	0	0	0	0	0	0	0	0	0	0	0	0	0	0	
18.992167	8	3	3	0	1	2	2	4139	662	30	1176	1	0	0	0	0	0	0	0	0	0	0	0	0	0	0	0	0	
19.997283	8	3	3	0	1	2	2	4146	661	31	1236	1	0	0	0	0	0	0	0	0	0	0	0	0	0	0	0	0	
20.998083	8	3	3	0	1	2	2	4155	659	31	1296	1	0	0	0	0	0	0	0	0	0	0	0	0	0	0	0	0	
21.997433	8	3	3	0	1	2	2	4163	657	31	1356	1	0	0	0	0	0	0	0	0	0	0	0	0	0	0	0	0	
22.998233	8	3	3	0	1	2	2	4171	655	31	1416	1	0	0	0	0	0	0	0	0	0	0	0	0	0	0	0	0	
23.999033	8	3	3	0	1	2	2	4179	654	31	1476	1	0	0	0	0	0	0	0	0	0	0	0	0	0	0	0	0	
24.998400	8	3	3	0	1	2	2	4187	652	31	1536	1	0	0	0	0	0	0	0	0	0	0	0	0	0	0	0	0	
25.997767	8	3	3	0	1	2	2	4196	652	31	1596	1	0	0	0	0	0	0	0	0	0	0	0	0	0	0	0	0	
26.998567	8	3	3	0	1	2	2	4199	617	31	1656	1	0	0	0	0	0	0	0	0	0	0	0	0	0	0	0	0	
27.999367	8	3	3	0	1	2	2	4198	580	31	1716	1	0	0	0	0	0	0	0	0	0	0	0	0	0	0	0	0	
29.000167	8	3	3	0	1	2	2	4198	547	31	1776	1	0	0	0	0	0	0	0	0	0	0	0	0	0	0	0	0	
30.003833	8	3	3	0	1	2	2	4198	516	31	1836	1	0	0	0	0	0	0	0	0	0	0	0	0	0	0	0	0	
31.004633	8	3	3	0	1	2	2	4199	487	31	1896	1	0	0	0	0	0	0	0	0	0	0	0	0	0	0	0	0	
32.005433	8	3	3	0	1	2	2	4199	461	31	1956	1	0	0	0	0	0	0	0	0	0	0	0	0	0	0	0	0	
33.006233	8	3	3	0	1	2	2	4198	437	31	2016	1	0	0	0	0	0	0	0	0	0	0	0	0	0	0	0	0	
34.005600	8	3	3	0	1	2	2	4198	415	31	2077	1	0	0	0	0	0	0	0	0	0	0	0	0	0	0	0	0	
34.992000	8	3	3	0	1	2	2	4198	394	32	2136	1	0	0	0	0	0	0	0	0	0	0	0	0	0	0	0	0	
35.995683	8	3	3	0	1	2	2	4198	373	31	2196	1	0	0	0	0	0	0	0	0	0	0	0	0	0	0	0	0	
36.999367	8	3	3	0	1	2	2	4199	354	32	2256	1	0	0	0	0	0	0	0	0	0	0	0	0	0	0	0	0	
38.000167	8	3	3	0	1	2	2	4199	337	31	2316	1	0	0	0	0	0	0	0	0	0	0	0	0	0	0	0	0	
39.000967	8	3	3	0	1	2	2	4198	321	31	2376	1	0	0	0	0	0	0	0	0	0	0	0	0	0	0	0	0	
40.006083	8	3	3	0	1	2	2	4199	309	31	2436	1	0	0	0	0	0	0	0	0	0	0	0	0	0	0	0	0	
41.011200	8	3	3	0	1	2	2	4198	289	31	2497	1	0	0	0	0	0	0	0	0	0	0	0	0	0	0	0	0	
41.996167	8	3	3	0	1	2	2	4198	277	31	2556	1	0	0	0	0	0	0	0	0	0	0	0	0	0	0	0	0	
42.999833	8	3	3	0	1	2	2	4199	264	31	2616	1	0	0	0	0	0	0	0	0	0	0	0	0	0	0	0	0	
44.000633	8	3	3	0	1	2	2	4198	252	31	2676	1	0	0	0	0	0	0	0	0	0	0	0	0	0	0	0	0	
45.005767	8	3	3	0	1	2	2	4198	242	31	2736	1	0	0	0	0	0	0	0	0	0	0	0	0	0	0	0	0	
46.005117	8	3	3	0	1	2	2	4199	231	31	2796	1	0	0	0	0	0	0	0	0	0	0	0	0	0	0	0	0	
47.005917	8	3	3	0	1	2	2	4199	220	31	2856	1	0	0	0	0	0	0	0	0	0	0	0	0	0	0	0	0	
48.008167	8	3	3	0	1	2	2	4198	213	31	2917	1	0	0	0	0	0	0	0	0	0	0	0	0	0	0	0	0	
48.996000	8	3	3	0	1	2	2	4199	201	31	2976	1	0	0	0	0	0	0	0	0	0	0	0	0	0	0	0	0	
49.999683	8	3	3	0	1	2	2	4199	193	31	3036	1	0	0	0	0	0	0	0	0	0	0	0	0	0	0	0	0	
51.000483	8	3	3	0	1	2	2	4199	185	31	3096	1	0	0	0	0	0	0	0	0	0	0	0	0	0	0	0	0	
52.001283	8	3	3	0	1	2	2	4198	177	31	3156	1	0	0	0	0	0	0	0	0	0	0	0	0	0	0	0	0	
53.002083	8	3	3	0	1	2	2	4198	169	31	3216	1	0	0	0	0	0	0	0	0	0	0	0	0	0	0	0	0	
54.005767	8	3	3	0	1	2	2	4198	162	31	3276	1	0	0	0	0	0	0	0	0	0	0	0	0	0	0	0	0	
55.008000	8	3	3	0	1	2	2	4199	159	31	3337	1	0	0	0	0	0	0	0	0	0	0	0	0	0	0	0	0	
55.994400	8	3	3	0	1	2	2	4198	147	31	3396	1	0	0	0	0	0	0	0	0	0	0	0	0	0	0	0	0	
56.995200	8	3	3	0	1	2	2	4199	143	31	3456	1	0	0	0	0	0	0	0	0	0	0	0	0	0	0	0	0	
57.996000	8	3	3	0	1	2	2	4198	138	31	3516	1	0	0	0	0	0	0	0	0	0	0	0	0	0	0	0	0	
58.995367	8	3	3	0	1	2	2	4198	132	31	3576	1	0	0	0	0	0	0	0	0	0	0	0	0	0	0	0	0	
60.000483	8	3	3	0	1	2	2	4199	127	31	3636	1	0	0	0	0	0	0	0	0	0	0	0	0	0	0	0	0	
61.005600	8	3	3	0	1	2	2	4198	122	31	3696	1	0	0	0	0	0	0	0	0	0	0	0	0	0	0	0	0	
62.009283	8	3	3	0	1	2	2	4199	118	31	3757	1	0	0	0	0	0	0	0	0	0	0	0	0	0	0	0	0	
62.995683	8	3	3	0	1	2	2	4199	114	31	3816	1	0	0	0	0	0	0	0	0	0	0	0	0	0	0	0	0	
63.996483	8	3	3	0	1	2	2	4199	110	31	3876	1	0	0	0	0	0	0	0	0	0	0	0	0	0	0	0	0	
64.997283	8	3	3	0	1	2	2	4198	106	31	3936	1	0	0	0	0	0	0	0	0	0	0	0	0	0	0	0	0	
66.000967	8	3	3	0	1	2	2	4198	102	31	3996	1	0	0	0	0	0	0	0	0	0	0	0	0	0	0	0	0	
67.000317	8	3	3	0	1	2	2	4198	98	31	4056	1	0	0	0	0	0	0	0	0	0	0	0	0	0	0	0	0	
68.001117	8	3	3	0	1	2	2	4198	95	31	4116	1	0	0	0	0	0	0	0	0	0	0	0	0	0	0	0	0	
69.001917	8	3	3	0	1	2	2	4198	90	31	4176	1	0	0	0	0	0	0	0	0	0	0	0	0	0	0	0	0	
70.002717	8	3	3	0	1	2	2	4198	90	31	4236	1	0	0	0	0	0	0	0	0	0	0	0	0	0	0	0	0	
71.009283	8	3	3	0	1	2	2	4198	83	31	4296	1	0	0	0	0	0	0	0	0	0	0	0	0	0	0	0	0	
72.010083	8	3	3	0	1	2	2	4197	83	31	4357	1	0	0	0	0	0	0	0	0	0	0	0	0	0	0	0	0	
72.996483	8	3	3	0	1	2	2	4199	82	31	4416	1	0	0	0	0	0	0	0	0	0	0	0	0	0	0	0	0	
74.003033	8	3	3	0	1	2	2	4198	76	31	4476	1	0	0	0	0	0	0	0	0	0	0	0	0	0	0	0	0	
75.002400	8	3	3	0	1	2	2	4199	74	31	4536	1	0	0	0	0	0	0	0	0	0	0	0	0	0	0	0	0	
76.003200	8	3	3	0	1	2	2	4199	72	31	4596	1	0	0	0	0	0	0	0	0	0	0	0	0	0	0	0	0	
77.008317	8	3	3	0	1	2	2	4199	69	31	4656	1	0	0	0	0	0	0	0	0	0	0	0	0	0	0	0	0	
78.009117	8	3	3	0	1	2	2	4198	67	31	4716	1	0	0	0	0	0	0	0	0	0	0	0	0	0	0	0	0	
78.399367	8	6	3	0	2	7	1	4081	-898	31	4740	1	1	0	0	0	0	0	0	0	0	0	0	0	0	0	0	0	
78.995517	8	6	3	0	2	7	1	3952	-1350	31	4776	1	1	0	0	0	0	0	0	0	0	0	0	0	0	0	0	0	
79.996317	8	6	3	0	2	7	1	3865	-1349	31	4836	1	1	2	0	0	0	0	0	0	0	0	0	0	0	0	0	0	
80.997117	8	6	3	0	2	7	1	3798	-1350	31	4896	1	1	4	0	0	0	0	0	0	0	0	0	0	0	0	0	0	
81.996483	8	6	3	0	2	7	1	3750	-1348	31	4956	1	1	5	0	0	0	0	0	0	0	0	0	0	0	0	0	0	
82.997283	8	6	3	0	2	7	1	3707	-1351	31	5016	1	1	7	0	0	0	0	0	0	0	0	0	0	0	0	0	0	
84.002400	8	6	3	0	2	7	1	3664	-1349	30	5076	1	1	9	0	0	0	0	0	0	0	0	0	0	0	0	0	0	
85.003200	8	6	3	0	2	7	1	3627	-1349	31	5136	1	1	10	0	0	0	0	0	0	0	0	0	0	0	0	0	0	
86.012633	8	6	3	0	2	7	1	3591	-1348	31	5197	1	1	12	0	0	0	0	0	0	0	0	0	0	0	0	0	0	
86.997600	8	6	3	0	2	7	1	3560	-1350	31	5256	1	1	14	0	0	0	0	0	0	0	0	0	0	0	0	0	0	
87.998400	8	6	3	0	2	7	1	3532	-1349	31	5316	1	1	15	0	0	0	0	0	0	0	0	0	0	0	0	0	0	
89.002083	8	6	3	0	2	7	1	3506	-1348	30	5376	1	1	17	0	0	0	0	0	0	0	0	0	0	0	0	0	0	
90.002883	8	6	3	0	2	7	1	3483	-1348	31	5436	1	1	19	0	0	0	0	0	0	0	0	0	0	0	0	0	0	
91.003683	8	6	3	0	2	7	1	3462	-1350	30	5496	1	1	20	0	0	0	0	0	0	0	0	0	0	0	0	0	0	
92.004483	8	6	3	0	2	7	1	3441	-1349	30	5556	1	1	22	0	0	0	0	0	0	0	0	0	0	0	0	0	0	
93.003833	8	6	3	0	2	7	1	3421	-1348	31	5616	1	1	24	0	0	0	0	0	0	0	0	0	0	0	0	0	0	
94.004633	8	6	3	0	2	7	1	3401	-1349	30	5676	1	1	25	0	0	0	0	0	0	0	0	0	0	0	0	0	0	
95.009767	8	6	3	0	2	7	1	3379	-1347	30	5736	1	1	27	0	0	0	0	0	0	0	0	0	0	0	0	0	0	
96.010567	8	6	3	0	2	7	1	3357	-1349	30	5796	1	1	29	0	0	0	0	0	0	0	0	0	0	0	0	0	0	
97.009917	8	6	3	0	2	7	1	3330	-1349	30	5856	1	1	30	0	0	0	0	0	0	0	0	0	0	0	0	0	0	
97.997767	8	6	3	0	2	7	1	3298	-1351	30	5916	1	1	32	0	0	0	0	0	0	0	0	0	0	0	0	0	0	
99.005767	8	6	3	0	2	7	1	3258	-1349	30	5976	1	1	34	0	0	0	0	0	0	0	0	0	0	0	0	0	0	
100.005117	8	6	3	0	2	7	1	3202	-1349	30	6036	1	1	35	0	0	0	0	0	0	0	0	0	0	0	0	0	0	
101.011683	8	6	3	0	2	7	1	3125	-1351	30	6096	1	1	37	0	0	0	0	0	0	0	0	0	0	0	0	0	0	
101.999517	8	6	3	0	2	7	1	3015	-1350	30	6156	1	1	38	0	0	0	0	0	0	0	0	0	0	0	0	0	0	
103.004633	8	6	3	0	2	7	1	2831	-1349	30	6216	1	1	40	0	0	0	0	0	0	0	0	0	0	0	0	0	0	
103.583517	8	15	3	0	1	31	2	3063	3	31	6251	3	1	41	0	0	0	0	0	0	0	0	0	0	0	0	0	0	
103.603683	8	3	3	0	1	2	2	3371	678	31	6252	3	1	41	0	0	0	0	0	0	0	0	0	0	0	0	0	0	
104.004000	8	3	3	0	1	2	2	3747	674	30	6276	3	1	41	0	0	0	0	0	0	0	0	0	0	0	0	0	0	
105.004800	8	3	3	0	1	2	2	3857	674	30	6336	3	1	41	0	0	0	0	0	0	0	0	0	0	0	0	0	0	
106.005600	8	3	3	0	1	2	2	3896	675	30	6396	3	1	41	0	0	0	0	0	0	0	0	0	0	0	0	0	0	
107.006400	8	3	3	0	1	2	2	3924	675	31	6456	3	1	41	0	0	0	0	0	0	0	0	0	0	0	0	0	0	
108.010083	8	3	3	0	1	2	2	3945	675	30	6516	3	1	41	0	0	0	0	0	0	0	0	0	0	0	0	0	0	
109.010883	8	3	3	0	1	2	2	3961	675	30	6576	3	1	41	0	0	0	0	0	0	0	0	0	0	0	0	0	0	
110.013117	8	3	3	0	1	2	2	3973	675	30	6637	3	1	41	0	0	0	0	0	0	0	0	0	0	0	0	0	0	
111.000967	8	3	3	0	1	2	2	3985	674	30	6696	3	1	41	0	0	0	0	0	0	0	0	0	0	0	0	0	0	
112.004633	8	3	3	0	1	2	2	3994	675	30	6756	3	1	41	0	0	0	0	0	0	0	0	0	0	0	0	0	0	
113.005433	8	3	3	0	1	2	2	4003	674	30	6816	3	1	41	0	0	0	0	0	0	0	0	0	0	0	0	0	0	
114.006233	8	3	3	0	1	2	2	4012	674	30	6876	3	1	41	0	0	0	0	0	0	0	0	0	0	0	0	0	0	
115.007033	8	3	3	0	1	2	2	4020	675	30	6936	3	1	41	0	0	0	0	0	0	0	0	0	0	0	0	0	0	
116.004967	8	3	3	0	1	2	2	4028	675	30	6996	3	1	41	0	0	0	0	0	0	0	0	0	0	0	0	0	0	
117.005767	8	3	3	0	1	2	2	4036	675	30	7056	3	1	41	0	0	0	0	0	0	0	0	0	0	0	0	0	0	
118.006567	8	3	3	0	1	2	2	4043	675	30	7116	3	1	41	0	0	0	0	0	0	0	0	0	0	0	0	0	0	
119.007367	8	3	3	0	1	2	2	4051	674	31	7176	3	1	41	0	0	0	0	0	0	0	0	0	0	0	0	0	0	
120.011033	8	3	3	0	1	2	2	4058	675	30	7236	3	1	41	0	0	0	0	0	0	0	0	0	0	0	0	0	0	
121.011833	8	3	3	0	1	2	2	4065	675	30	7296	3	1	41	0	0	0	0	0	0	0	0	0	0	0	0	0	0	
122.012633	8	3	3	0	1	2	2	4073	675	30	7356	3	1	41	0	0	0	0	0	0	0	0	0	0	0	0	0	0	
122.999033	8	3	3	0	1	2	2	4080	675	30	7416	3	1	41	0	0	0	0	0	0	0	0	0	0	0	0	0	0	
124.007033	8	3	3	0	1	2	2	4088	675	31	7476	3	1	41	0	0	0	0	0	0	0	0	0	0	0	0	0	0	
125.012167	8	3	3	0	1	2	2	4095	674	30	7536	3	1	41	0	0	0	0	0	0	0	0	0	0	0	0	0	0	
126.011517	8	3	3	0	1	2	2	4103	674	30	7596	3	1	41	0	0	0	0	0	0	0	0	0	0	0	0	0	0	
127.012317	8	3	3	0	1	2	2	4111	675	31	7656	3	1	41	0	0	0	0	0	0	0	0	0	0	0	0	0	0	
128.013117	8	3	3	0	1	2	2	4118	670	31	7716	3	1	41	0	0	0	0	0	0	0	0	0	0	0	0	0	0	
129.013917	8	3	3	0	1	2	2	4125	667	31	7777	3	1	41	0	0	0	0	0	0	0	0	0	0	0	0	0	0	
129.998883	8	3	3	0	1	2	2	4133	665	30	7836	3	1	41	0	0	0	0	0	0	0	0	0	0	0	0	0	0	
130.999683	8	3	3	0	1	2	2	4140	662	30	7896	3	1	41	0	0	0	0	0	0	0	0	0	0	0	0	0	0	
132.001917	8	3	3	0	1	2	2	4148	661	31	7956	3	1	41	0	0	0	0	0	0	0	0	0	0	0	0	0	0	
133.007033	8	3	3	0	1	2	2	4157	665	31	8016	3	1	41	0	0	0	0	0	0	0	0	0	0	0	0	0	0	
134.006400	8	3	3	0	1	2	2	4166	664	30	8076	3	1	41	0	0	0	0	0	0	0	0	0	0	0	0	0	0	
135.010083	8	3	3	0	1	2	2	4174	664	30	8136	3	1	41	0	0	0	0	0	0	0	0	0	0	0	0	0	0	
136.016633	8	3	3	0	1	2	2	4183	662	31	8197	3	1	41	0	0	0	0	0	0	0	0	0	0	0	0	0	0	
137.003033	8	3	3	0	1	2	2	4192	661	30	8256	3	1	41	0	0	0	0	0	0	0	0	0	0	0	0	0	0	
138.006717	8	3	3	0	1	2	2	4198	643	30	8316	3	1	41	0	0	0	0	0	0	0	0	0	0	0	0	0	0	
139.007517	8	3	3	0	1	2	2	4198	599	30	8376	3	1	41	0	0	0	0	0	0	0	0	0	0	0	0	0	0	
140.006883	8	3	3	0	1	2	2	4198	562	30	8436	3	1	41	0	0	0	0	0	0	0	0	0	0	0	0	0	0	
141.007683	8	3	3	0	1	2	2	4199	530	30	8496	3	1	41	0	0	0	0	0	0	0	0	0	0	0	0	0	0	
142.008483	8	3	3	0	1	2	2	4198	499	30	8556	3	1	41	0	0	0	0	0	0	0	0	0	0	0	0	0	0	
143.012167	8	3	3	0	1	2	2	4199	472	30	8616	3	1	41	0	0	0	0	0	0	0	0	0	0	0	0	0	0	
144.012967	8	3	3	0	1	2	2	4198	446	30	8676	3	1	41	0	0	0	0	0	0	0	0	0	0	0	0	0	0	
145.013767	8	3	3	0	1	2	2	4198	422	31	8736	3	1	41	0	0	0	0	0	0	0	0	0	0	0	0	0	0	
146.016000	8	3	3	0	1	2	2	4199	402	30	8797	3	1	41	0	0	0	0	0	0	0	0	0	0	0	0	0	0	
147.003833	8	3	3	0	1	2	2	4198	377	30	8856	3	1	41	0	0	0	0	0	0	0	0	0	0	0	0	0	0	
148.011833	8	3	3	0	1	2	2	4198	358	30	8916	3	1	41	0	0	0	0	0	0	0	0	0	0	0	0	0	0	
149.016967	8	3	3	0	1	2	2	4199	340	30	8977	3	1	41	0	0	0	0	0	0	0	0	0	0	0	0	0	0	
150.001917	8	3	3	0	1	2	2	4198	324	30	9036	3	1	41	0	0	0	0	0	0	0	0	0	0	0	0	0	0	
151.002717	8	3	3	0	1	2	2	4198	309	31	9096	3	1	41	0	0	0	0	0	0	0	0	0	0	0	0	0	0	
152.003517	8	3	3	0	1	2	2	4199	295	31	9156	3	1	41	0	0	0	0	0	0	0	0	0	0	0	0	0	0	
153.002883	8	3	3	0	1	2	2	4199	280	31	9216	3	1	41	0	0	0	0	0	0	0	0	0	0	0	0	0	0	
154.008000	8	3	3	0	1	2	2	4199	267	30	9276	3	1	41	0	0	0	0	0	0	0	0	0	0	0	0	0	0	
155.008800	8	3	3	0	1	2	2	4198	254	30	9336	3	1	41	0	0	0	0	0	0	0	0	0	0	0	0	0	0	
156.008167	8	3	3	0	1	2	2	4199	242	31	9396	3	1	41	0	0	0	0	0	0	0	0	0	0	0	0	0	0	
157.008967	8	3	3	0	1	2	2	4198	230	31	9456	3	1	41	0	0	0	0	0	0	0	0	0	0	0	0	0	0	
158.009767	8	3	3	0	1	2	2	4199	221	30	9516	3	1	41	0	0	0	0	0	0	0	0	0	0	0	0	0	0	
159.013433	8	3	3	0	1	2	2	4198	210	30	9576	3	1	41	0	0	0	0	0	0	0	0	0	0	0	0	0	0	
160.015683	8	3	3	0	1	2	2	4198	204	30	9637	3	1	41	0	0	0	0	0	0	0	0	0	0	0	0	0	0	
161.004967	8	3	3	0	1	2	2	4198	191	30	9696	3	1	41	0	0	0	0	0	0	0	0	0	0	0	0	0	0	
162.012967	8	3	3	0	1	2	2	4198	182	30	9756	3	1	41	0	0	0	0	0	0	0	0	0	0	0	0	0	0	
163.018083	8	3	3	0	1	2	2	4198	173	30	9817	3	1	41	0	0	0	0	0	0	0	0	0	0	0	0	0	0	
164.003033	8	3	3	0	1	2	2	4198	168	30	9876	3	1	41	0	0	0	0	0	0	0	0	0	0	0	0	0	0	
165.003833	8	3	3	0	1	2	2	4199	161	31	9936	3	1	41	0	0	0	0	0	0	0	0	0	0	0	0	0	0	
166.003200	8	3	3	0	1	2	2	4198	153	30	9996	3	1	41	0	0	0	0	0	0	0	0	0	0	0	0	0	0	
167.004000	8	3	3	0	1	2	2	4198	146	31	10056	3	1	41	0	0	0	0	0	0	0	0	0	0	0	0	0	0	
168.009117	8	3	3	0	1	2	2	4199	139	30	10116	3	1	41	0	0	0	0	0	0	0	0	0	0	0	0	0	0	
169.009917	8	3	3	0	1	2	2	4198	134	30	10176	3	1	41	0	0	0	0	0	0	0	0	0	0	0	0	0	0	
170.010717	8	3	3	0	1	2	2	4199	128	31	10236	3	1	41	0	0	0	0	0	0	0	0	0	0	0	0	0	0	
171.010083	8	3	3	0	1	2	2	4198	124	31	10296	3	1	41	0	0	0	0	0	0	0	0	0	0	0	0	0	0	
172.010883	8	3	3	0	1	2	2	4198	118	30	10356	3	1	41	0	0	0	0	0	0	0	0	0	0	0	0	0	0	
173.018883	8	3	3	0	1	2	2	4198	113	31	10417	3	1	41	0	0	0	0	0	0	0	0	0	0	0	0	0	0	
174.003833	8	3	3	0	1	2	2	4199	108	30	10476	3	1	41	0	0	0	0	0	0	0	0	0	0	0	0	0	0	
175.004633	8	3	3	0	1	2	2	4198	105	31	10536	3	1	41	0	0	0	0	0	0	0	0	0	0	0	0	0	0	
176.005433	8	3	3	0	1	2	2	4199	100	31	10596	3	1	41	0	0	0	0	0	0	0	0	0	0	0	0	0	0	
177.010567	8	3	3	0	1	2	2	4199	99	31	10656	3	1	41	0	0	0	0	0	0	0	0	0	0	0	0	0	0	
178.018567	8	3	3	0	1	2	2	4198	92	31	10717	3	1	41	0	0	0	0	0	0	0	0	0	0	0	0	0	0	
179.003517	8	3	3	0	1	2	2	4198	88	31	10776	3	1	41	0	0	0	0	0	0	0	0	0	0	0	0	0	0	
180.004317	8	3	3	0	1	2	2	4199	84	31	10836	3	1	41	0	0	0	0	0	0	0	0	0	0	0	0	0	0	
181.005117	8	3	3	0	1	2	2	4198	81	30	10896	3	1	41	0	0	0	0	0	0	0	0	0	0	0	0	0	0	
182.005917	8	3	3	0	1	2	2	4198	79	31	10956	3	1	41	0	0	0	0	0	0	0	0	0	0	0	0	0	0	
183.009600	8	3	3	0	1	2	2	4198	75	31	11016	3	1	41	0	0	0	0	0	0	0	0	0	0	0	0	0	0	
184.010400	8	3	3	0	1	2	2	4199	73	31	11076	3	1	41	0	0	0	0	0	0	0	0	0	0	0	0	0	0	
185.012633	8	3	3	0	1	2	2	4199	72	31	11136	3	1	41	0	0	0	0	0	0	0	0	0	0	0	0	0	0	
185.941433	8	6	3	0	2	7	1	4120	-609	31	11192	3	2	0	0	0	0	0	0	0	0	0	0	0	0	0	0	0	
186.019200	8	6	3	0	2	7	1	4004	-1350	30	11197	3	2	0	0	0	0	0	0	0	0	0	0	0	0	0	0	0	
187.004167	8	6	3	0	2	7	1	3912	-1348	31	11256	3	2	1	0	0	0	0	0	0	0	0	0	0	0	0	0	0	
188.004967	8	6	3	0	2	7	1	3821	-1350	31	11316	3	2	3	0	0	0	0	0	0	0	0	0	0	0	0	0	0	
189.007200	8	6	3	0	2	7	1	3766	-1350	31	11376	3	2	4	0	0	0	0	0	0	0	0	0	0	0	0	0	0	
190.010883	8	6	3	0	2	7	1	3720	-1350	31	11436	3	2	6	0	0	0	0	0	0	0	0	0	0	0	0	0	0	
191.011683	8	6	3	0	2	7	1	3677	-1349	31	11496	3	2	8	0	0	0	0	0	0	0	0	0	0	0	0	0	0	
192.011033	8	6	3	0	2	7	1	3637	-1349	31	11556	3	2	9	0	0	0	0	0	0	0	0	0	0	0	0	0	0	
193.011833	8	6	3	0	2	7	1	3603	-1350	31	11616	3	2	11	0	0	0	0	0	0	0	0	0	0	0	0	0	0	
194.012633	8	6	3	0	2	7	1	3571	-1351	31	11676	3	2	13	0	0	0	0	0	0	0	0	0	0	0	0	0	0	
195.013433	8	6	3	0	2	7	1	3542	-1350	31	11736	3	2	14	0	0	0	0	0	0	0	0	0	0	0	0	0	0	
196.017117	8	6	3	0	2	7	1	3515	-1348	30	11796	3	2	16	0	0	0	0	0	0	0	0	0	0	0	0	0	0	
197.017917	8	6	3	0	2	7	1	3490	-1352	31	11856	3	2	18	0	0	0	0	0	0	0	0	0	0	0	0	0	0	
198.008633	8	6	3	0	2	7	1	3467	-1350	31	11916	3	2	19	0	0	0	0	0	0	0	0	0	0	0	0	0	0	
199.012317	8	6	3	0	2	7	1	3446	-1349	31	11976	3	2	21	0	0	0	0	0	0	0	0	0	0	0	0	0	0	
200.013117	8	6	3	0	2	7	1	3424	-1351	31	12036	3	2	23	0	0	0	0	0	0	0	0	0	0	0	0	0	0	
201.013917	8	6	3	0	2	7	1	3404	-1350	31	12096	3	2	24	0	0	0	0	0	0	0	0	0	0	0	0	0	0	
202.017600	8	6	3	0	2	7	1	3383	-1351	31	12156	3	2	26	0	0	0	0	0	0	0	0	0	0	0	0	0	0	
203.018400	8	6	3	0	2	7	1	3359	-1348	31	12216	3	2	28	0	0	0	0	0	0	0	0	0	0	0	0	0	0	
204.019200	8	6	3	0	2	7	1	3333	-1350	30	12276	3	2	29	0	0	0	0	0	0	0	0	0	0	0	0	0	0	
205.020000	8	6	3	0	2	7	1	3301	-1352	31	12336	3	2	31	0	0	0	0	0	0	0	0	0	0	0	0	0	0	
206.020800	8	6	3	0	2	7	1	3260	-1348	31	12397	3	2	33	0	0	0	0	0	0	0	0	0	0	0	0	0	0	
207.007200	8	6	3	0	2	7	1	3207	-1350	31	12456	3	2	34	0	0	0	0	0	0	0	0	0	0	0	0	0	0	
208.012317	8	6	3	0	2	7	1	3134	-1351	31	12516	3	2	36	0	0	0	0	0	0	0	0	0	0	0	0	0	0	
209.013117	8	6	3	0	2	7	1	3024	-1349	31	12576	3	2	38	0	0	0	0	0	0	0	0	0	0	0	0	0	0	
210.013917	8	6	3	0	2	7	1	2834	-1350	31	12636	3	2	39	0	0	0	0	0	0	0	0	0	0	0	0	0	0	
210.581283	8	15	3	0	1	31	2	3022	49	31	12670	4	2	40	0	0	0	0	0	0	0	0	0	0	0	0	0	0	
210.602883	8	3	3	0	1	2	2	3375	677	31	12671	5	2	40	0	0	0	0	0	0	0	0	0	0	0	0	0	0	
211.006083	8	3	3	0	1	2	2	3755	674	31	12696	5	2	40	0	0	0	0	0	0	0	0	0	0	0	0	0	0	
212.006883	8	3	3	0	1	2	2	3861	675	30	12756	5	2	40	0	0	0	0	0	0	0	0	0	0	0	0	0	0	
213.007683	8	3	3	0	1	2	2	3902	674	31	12816	5	2	40	0	0	0	0	0	0	0	0	0	0	0	0	0	0	
214.012800	8	3	3	0	1	2	2	3931	675	31	12876	5	2	40	0	0	0	0	0	0	0	0	0	0	0	0	0	0	
215.012167	8	3	3	0	1	2	2	3951	675	31	12936	5	2	40	0	0	0	0	0	0	0	0	0	0	0	0	0	0	
216.012967	8	3	3	0	1	2	2	3967	674	31	12996	5	2	40	0	0	0	0	0	0	0	0	0	0	0	0	0	0	
217.013767	8	3	3	0	1	2	2	3980	675	31	13056	5	2	40	0	0	0	0	0	0	0	0	0	0	0	0	0	0	
218.014567	8	3	3	0	1	2	2	3992	675	30	13116	5	2	40	0	0	0	0	0	0	0	0	0	0	0	0	0	0	
219.019683	8	3	3	0	1	2	2	4002	674	31	13176	5	2	40	0	0	0	0	0	0	0	0	0	0	0	0	0	0	
220.019033	8	3	3	0	1	2	2	4012	674	31	13236	5	2	40	0	0	0	0	0	0	0	0	0	0	0	0	0	0	
221.019833	8	3	3	0	1	2	2	4020	674	31	13296	5	2	40	0	0	0	0	0	0	0	0	0	0	0	0	0	0	
222.022083	8	3	3	0	1	2	2	4028	674	30	13357	5	2	40	0	0	0	0	0	0	0	0	0	0	0	0	0	0	
223.011367	8	3	3	0	1	2	2	4036	674	30	13416	5	2	40	0	0	0	0	0	0	0	0	0	0	0	0	0	0	
224.015033	8	3	3	0	1	2	2	4044	674	31	13476	5	2	40	0	0	0	0	0	0	0	0	0	0	0	0	0	0	
225.020167	8	3	3	0	1	2	2	4052	674	30	13536	5	2	40	0	0	0	0	0	0	0	0	0	0	0	0	0	0	
226.020967	8	3	3	0	1	2	2	4060	675	30	13596	5	2	40	0	0	0	0	0	0	0	0	0	0	0	0	0	0	
227.020317	8	3	3	0	1	2	2	4067	674	30	13656	5	2	40	0	0	0	0	0	0	0	0	0	0	0	0	0	0	
228.021117	8	3	3	0	1	2	2	4075	676	30	13716	5	2	40	0	0	0	0	0	0	0	0	0	0	0	0	0	0	
229.021917	8	3	3	0	1	2	2	4083	675	30	13777	5	2	40	0	0	0	0	0	0	0	0	0	0	0	0	0	0	
230.006883	8	3	3	0	1	2	2	4091	675	30	13836	5	2	40	0	0	0	0	0	0	0	0	0	0	0	0	0	0	
231.007683	8	3	3	0	1	2	2	4098	674	30	13896	5	2	40	0	0	0	0	0	0	0	0	0	0	0	0	0	0	
232.008483	8	3	3	0	1	2	2	4106	675	30	13956	5	2	40	0	0	0	0	0	0	0	0	0	0	0	0	0	0	
233.009283	8	3	3	0	1	2	2	4113	674	30	14016	5	2	40	0	0	0	0	0	0	0	0	0	0	0	0	0	0	
234.010083	8	3	3	0	1	2	2	4120	667	31	14076	5	2	40	0	0	0	0	0	0	0	0	0	0	0	0	0	0	
235.015200	8	3	3	0	1	2	2	4127	665	30	14136	5	2	40	0	0	0	0	0	0	0	0	0	0	0	0	0	0	
236.016000	8	3	3	0	1	2	2	4135	663	30	14196	5	2	40	0	0	0	0	0	0	0	0	0	0	0	0	0	0	
237.022567	8	3	3	0	1	2	2	4143	662	30	14256	5	2	40	0	0	0	0	0	0	0	0	0	0	0	0	0	0	
238.026233	8	3	3	0	1	2	2	4151	660	31	14317	5	2	40	0	0	0	0	0	0	0	0	0	0	0	0	0	0	
239.011200	8	3	3	0	1	2	2	4159	663	30	14376	5	2	40	0	0	0	0	0	0	0	0	0	0	0	0	0	0	
240.016317	8	3	3	0	1	2	2	4168	663	30	14436	5	2	40	0	0	0	0	0	0	0	0	0	0	0	0	0	0	
241.015683	8	3	3	0	1	2	2	4176	663	30	14496	5	2	40	0	0	0	0	0	0	0	0	0	0	0	0	0	0	
242.016483	8	3	3	0	1	2	2	4185	663	30	14556	5	2	40	0	0	0	0	0	0	0	0	0	0	0	0	0	0	
243.021600	8	3	3	0	1	2	2	4194	661	30	14616	5	2	40	0	0	0	0	0	0	0	0	0	0	0	0	0	0	
244.020967	8	3	3	0	1	2	2	4198	634	30	14676	5	2	40	0	0	0	0	0	0	0	0	0	0	0	0	0	0	
245.021767	8	3	3	0	1	2	2	4198	592	30	14736	5	2	40	0	0	0	0	0	0	0	0	0	0	0	0	0	0	
246.022567	8	3	3	0	1	2	2	4198	557	30	14796	5	2	40	0	0	0	0	0	0	0	0	0	0	0	0	0	0	
247.023367	8	3	3	0	1	2	2	4198	523	30	14857	5	2	40	0	0	0	0	0	0	0	0	0	0	0	0	0	0	
248.011200	8	3	3	0	1	2	2	4199	493	30	14916	5	2	40	0	0	0	0	0	0	0	0	0	0	0	0	0	0	
249.014883	8	3	3	0	1	2	2	4198	466	30	14976	5	2	40	0	0	0	0	0	0	0	0	0	0	0	0	0	0	
250.015683	8	3	3	0	1	2	2	4199	440	30	15036	5	2	40	0	0	0	0	0	0	0	0	0	0	0	0	0	0	
251.016483	8	3	3	0	1	2	2	4199	416	30	15096	5	2	40	0	0	0	0	0	0	0	0	0	0	0	0	0	0	
252.017283	8	3	3	0	1	2	2	4199	394	30	15156	5	2	40	0	0	0	0	0	0	0	0	0	0	0	0	0	0	
253.026717	8	3	3	0	1	2	2	4198	373	30	15217	5	2	40	0	0	0	0	0	0	0	0	0	0	0	0	0	0	
254.011683	8	3	3	0	1	2	2	4199	353	30	15276	5	2	40	0	0	0	0	0	0	0	0	0	0	0	0	0	0	
255.016800	8	3	3	0	1	2	2	4198	336	30	15336	5	2	40	0	0	0	0	0	0	0	0	0	0	0	0	0	0	
256.017600	8	3	3	0	1	2	2	4199	319	30	15396	5	2	40	0	0	0	0	0	0	0	0	0	0	0	0	0	0	
257.016967	8	3	3	0	1	2	2	4199	303	30	15456	5	2	40	0	0	0	0	0	0	0	0	0	0	0	0	0	0	
258.017767	8	3	3	0	1	2	2	4198	288	30	15516	5	2	40	0	0	0	0	0	0	0	0	0	0	0	0	0	0	
259.022883	8	3	3	0	1	2	2	4198	274	30	15576	5	2	40	0	0	0	0	0	0	0	0	0	0	0	0	0	0	
260.025117	8	3	3	0	1	2	2	4198	264	30	15637	5	2	40	0	0	0	0	0	0	0	0	0	0	0	0	0	0	
261.012967	8	3	3	0	1	2	2	4199	248	30	15696	5	2	40	0	0	0	0	0	0	0	0	0	0	0	0	0	0	
262.016633	8	3	3	0	1	2	2	4198	237	30	15756	5	2	40	0	0	0	0	0	0	0	0	0	0	0	0	0	0	
263.018883	8	3	3	0	1	2	2	4198	227	30	15816	5	2	40	0	0	0	0	0	0	0	0	0	0	0	0	0	0	
264.018233	8	3	3	0	1	2	2	4199	215	30	15876	5	2	40	0	0	0	0	0	0	0	0	0	0	0	0	0	0	
265.023367	8	3	3	0	1	2	2	4198	205	30	15936	5	2	40	0	0	0	0	0	0	0	0	0	0	0	0	0	0	
266.022717	8	3	3	0	1	2	2	4199	195	30	15996	5	2	40	0	0	0	0	0	0	0	0	0	0	0	0	0	0	
267.023517	8	3	3	0	1	2	2	4198	185	30	16056	5	2	40	0	0	0	0	0	0	0	0	0	0	0	0	0	0	
268.011367	8	3	3	0	1	2	2	4199	179	30	16116	5	2	40	0	0	0	0	0	0	0	0	0	0	0	0	0	0	
269.019367	8	3	3	0	1	2	2	4198	169	30	16176	5	2	40	0	0	0	0	0	0	0	0	0	0	0	0	0	0	
270.023033	8	3	3	0	1	2	2	4198	160	30	16236	5	2	40	0	0	0	0	0	0	0	0	0	0	0	0	0	0	
271.023833	8	3	3	0	1	2	2	4199	153	30	16296	5	2	40	0	0	0	0	0	0	0	0	0	0	0	0	0	0	
272.026083	8	3	3	0	1	2	2	4199	150	30	16357	5	2	40	0	0	0	0	0	0	0	0	0	0	0	0	0	0	
273.011033	8	3	3	0	1	2	2	4198	140	30	16416	5	2	40	0	0	0	0	0	0	0	0	0	0	0	0	0	0	
274.011833	8	3	3	0	1	2	2	4198	135	30	16476	5	2	40	0	0	0	0	0	0	0	0	0	0	0	0	0	0	
275.012633	8	3	3	0	1	2	2	4199	128	30	16536	5	2	40	0	0	0	0	0	0	0	0	0	0	0	0	0	0	
276.013433	8	3	3	0	1	2	2	4199	124	30	16596	5	2	40	0	0	0	0	0	0	0	0	0	0	0	0	0	0	
277.014233	8	3	3	0	1	2	2	4198	117	30	16656	5	2	40	0	0	0	0	0	0	0	0	0	0	0	0	0	0	
278.017917	8	3	3	0	1	2	2	4198	112	30	16716	5	2	40	0	0	0	0	0	0	0	0	0	0	0	0	0	0	
279.018717	8	3	3	0	1	2	2	4199	108	30	16776	5	2	40	0	0	0	0	0	0	0	0	0	0	0	0	0	0	
280.019517	8	3	3	0	1	2	2	4199	103	30	16836	5	2	40	0	0	0	0	0	0	0	0	0	0	0	0	0	0	
281.018883	8	3	3	0	1	2	2	4198	99	30	16896	5	2	40	0	0	0	0	0	0	0	0	0	0	0	0	0	0	
282.019683	8	3	3	0	1	2	2	4198	94	30	16956	5	2	40	0	0	0	0	0	0	0	0	0	0	0	0	0	0	
283.026233	8	3	3	0	1	2	2	4199	95	30	17017	5	2	40	0	0	0	0	0	0	0	0	0	0	0	0	0	0	
284.018400	8	3	3	0	1	2	2	4199	88	30	17076	5	2	40	0	0	0	0	0	0	0	0	0	0	0	0	0	0	
285.023517	8	3	3	0	1	2	2	4199	82	30	17136	5	2	40	0	0	0	0	0	0	0	0	0	0	0	0	0	0	
286.024317	8	3	3	0	1	2	2	4199	80	30	17196	5	2	40	0	0	0	0	0	0	0	0	0	0	0	0	0	0	
287.025117	8	3	3	0	1	2	2	4198	77	30	17256	5	2	40	0	0	0	0	0	0	0	0	0	0	0	0	0	0	
288.025917	8	3	3	0	1	2	2	4198	74	31	17316	5	2	40	0	0	0	0	0	0	0	0	0	0	0	0	0	0	
289.026717	8	3	3	0	1	2	2	4198	72	30	17376	5	2	40	0	0	0	0	0	0	0	0	0	0	0	0	0	0	
290.027517	8	3	3	0	1	2	2	4198	69	30	17437	5	2	40	0	0	0	0	0	0	0	0	0	0	0	0	0	0	
290.783517	8	6	3	0	2	7	1	4033	-1274	30	17482	5	3	0	0	0	0	0	0	0	0	0	0	0	0	0	0	0	
291.013917	8	6	3	0	2	7	1	3985	-1351	30	17496	5	3	0	0	0	0	0	0	0	0	0	0	0	0	0	0	0	
292.014717	8	6	3	0	2	7	1	3894	-1350	30	17556	5	3	1	0	0	0	0	0	0	0	0	0	0	0	0	0	0	
293.018400	8	6	3	0	2	7	1	3809	-1350	30	17616	5	3	3	0	0	0	0	0	0	0	0	0	0	0	0	0	0	
294.019200	8	6	3	0	2	7	1	3755	-1350	30	17676	5	3	5	0	0	0	0	0	0	0	0	0	0	0	0	0	0	
295.020000	8	6	3	0	2	7	1	3709	-1351	30	17736	5	3	6	0	0	0	0	0	0	0	0	0	0	0	0	0	0	
296.020800	8	6	3	0	2	7	1	3666	-1349	30	17796	5	3	8	0	0	0	0	0	0	0	0	0	0	0	0	0	0	
297.023033	8	6	3	0	2	7	1	3628	-1350	30	17856	5	3	10	0	0	0	0	0	0	0	0	0	0	0	0	0	0	
298.012317	8	6	3	0	2	7	1	3592	-1351	30	17916	5	3	11	0	0	0	0	0	0	0	0	0	0	0	0	0	0	
299.020317	8	6	3	0	2	7	1	3560	-1350	31	17976	5	3	13	0	0	0	0	0	0	0	0	0	0	0	0	0	0	
300.021117	8	6	3	0	2	7	1	3530	-1348	30	18036	5	3	15	0	0	0	0	0	0	0	0	0	0	0	0	0	0	
301.024800	8	6	3	0	2	7	1	3505	-1350	30	18096	5	3	16	0	0	0	0	0	0	0	0	0	0	0	0	0	0	
302.025600	8	6	3	0	2	7	1	3482	-1350	30	18156	5	3	18	0	0	0	0	0	0	0	0	0	0	0	0	0	0	
303.026400	8	6	3	0	2	7	1	3461	-1349	31	18216	5	3	20	0	0	0	0	0	0	0	0	0	0	0	0	0	0	
304.027200	8	6	3	0	2	7	1	3440	-1350	30	18276	5	3	21	0	0	0	0	0	0	0	0	0	0	0	0	0	0	
305.028000	8	6	3	0	2	7	1	3420	-1350	31	18336	5	3	23	0	0	0	0	0	0	0	0	0	0	0	0	0	0	
306.028800	8	6	3	0	2	7	1	3400	-1348	30	18397	5	3	25	0	0	0	0	0	0	0	0	0	0	0	0	0	0	
307.013767	8	6	3	0	2	7	1	3378	-1347	30	18456	5	3	26	0	0	0	0	0	0	0	0	0	0	0	0	0	0	
308.014567	8	6	3	0	2	7	1	3355	-1349	30	18516	5	3	28	0	0	0	0	0	0	0	0	0	0	0	0	0	0	
309.015367	8	6	3	0	2	7	1	3327	-1350	30	18576	5	3	30	0	0	0	0	0	0	0	0	0	0	0	0	0	0	
310.021917	8	6	3	0	2	7	1	3293	-1350	31	18636	5	3	31	0	0	0	0	0	0	0	0	0	0	0	0	0	0	
311.027033	8	6	3	0	2	7	1	3251	-1350	30	18696	5	3	33	0	0	0	0	0	0	0	0	0	0	0	0	0	0	
312.026400	8	6	3	0	2	7	1	3193	-1350	30	18756	5	3	35	0	0	0	0	0	0	0	0	0	0	0	0	0	0	
313.030083	8	6	3	0	2	7	1	3109	-1350	30	18817	5	3	36	0	0	0	0	0	0	0	0	0	0	0	0	0	0	
314.015033	8	6	3	0	2	7	1	2984	-1350	30	18876	5	3	38	0	0	0	0	0	0	0	0	0	0	0	0	0	0	
315.015833	8	6	3	0	2	7	1	2767	-1350	31	18936	5	3	39	0	0	0	0	0	0	0	0	0	0	0	0	0	0	
315.308167	8	15	3	0	1	31	2	2955	40	30	18953	6	3	40	0	0	0	0	0	0	0	0	0	0	0	0	0	0	
315.329767	8	3	3	0	1	2	2	3369	679	30	18955	7	3	40	0	0	0	0	0	0	0	0	0	0	0	0	0	0	
316.022400	8	3	3	0	1	2	2	3809	674	31	18996	7	3	40	0	0	0	0	0	0	0	0	0	0	0	0	0	0	
317.027517	8	3	3	0	1	2	2	3877	674	30	19056	7	3	40	0	0	0	0	0	0	0	0	0	0	0	0	0	0	
318.028317	8	3	3	0	1	2	2	3913	674	31	19116	7	3	40	0	0	0	0	0	0	0	0	0	0	0	0	0	0	
319.027683	8	3	3	0	1	2	2	3940	675	31	19176	7	3	40	0	0	0	0	0	0	0	0	0	0	0	0	0	0	
320.028483	8	3	3	0	1	2	2	3958	674	31	19237	7	3	40	0	0	0	0	0	0	0	0	0	0	0	0	0	0	
321.014883	8	3	3	0	1	2	2	3973	674	30	19296	7	3	40	0	0	0	0	0	0	0	0	0	0	0	0	0	0	
322.017117	8	3	3	0	1	2	2	3985	675	30	19356	7	3	40	0	0	0	0	0	0	0	0	0	0	0	0	0	0	
323.022233	8	3	3	0	1	2	2	3997	675	31	19416	7	3	40	0	0	0	0	0	0	0	0	0	0	0	0	0	0	
324.023033	8	3	3	0	1	2	2	4007	674	30	19476	7	3	40	0	0	0	0	0	0	0	0	0	0	0	0	0	0	
325.026717	8	3	3	0	1	2	2	4016	675	31	19536	7	3	40	0	0	0	0	0	0	0	0	0	0	0	0	0	0	
326.027517	8	3	3	0	1	2	2	4025	674	31	19596	7	3	40	0	0	0	0	0	0	0	0	0	0	0	0	0	0	
327.028317	8	3	3	0	1	2	2	4033	675	31	19656	7	3	40	0	0	0	0	0	0	0	0	0	0	0	0	0	0	
328.030567	8	3	3	0	1	2	2	4041	675	30	19717	7	3	40	0	0	0	0	0	0	0	0	0	0	0	0	0	0	
329.016967	8	3	3	0	1	2	2	4049	674	30	19776	7	3	40	0	0	0	0	0	0	0	0	0	0	0	0	0	0	
330.022083	8	3	3	0	1	2	2	4057	673	30	19836	7	3	40	0	0	0	0	0	0	0	0	0	0	0	0	0	0	
331.021433	8	3	3	0	1	2	2	4064	674	31	19896	7	3	40	0	0	0	0	0	0	0	0	0	0	0	0	0	0	
332.022233	8	3	3	0	1	2	2	4072	674	30	19956	7	3	40	0	0	0	0	0	0	0	0	0	0	0	0	0	0	
333.023033	8	3	3	0	1	2	2	4079	675	30	20016	7	3	40	0	0	0	0	0	0	0	0	0	0	0	0	0	0	
334.025283	8	3	3	0	1	2	2	4087	675	30	20076	7	3	40	0	0	0	0	0	0	0	0	0	0	0	0	0	0	
335.033283	8	3	3	0	1	2	2	4095	674	30	20137	7	3	40	0	0	0	0	0	0	0	0	0	0	0	0	0	0	
336.019683	8	3	3	0	1	2	2	4103	674	30	20196	7	3	40	0	0	0	0	0	0	0	0	0	0	0	0	0	0	
337.023367	8	3	3	0	1	2	2	4110	675	31	20256	7	3	40	0	0	0	0	0	0	0	0	0	0	0	0	0	0	
338.024167	8	3	3	0	1	2	2	4117	670	30	20316	7	3	40	0	0	0	0	0	0	0	0	0	0	0	0	0	0	
339.024967	8	3	3	0	1	2	2	4124	667	30	20376	7	3	40	0	0	0	0	0	0	0	0	0	0	0	0	0	0	
340.028633	8	3	3	0	1	2	2	4132	665	30	20436	7	3	40	0	0	0	0	0	0	0	0	0	0	0	0	0	0	
341.029433	8	3	3	0	1	2	2	4140	665	30	20496	7	3	40	0	0	0	0	0	0	0	0	0	0	0	0	0	0	
342.030233	8	3	3	0	1	2	2	4148	662	31	20556	7	3	40	0	0	0	0	0	0	0	0	0	0	0	0	0	0	
343.032483	8	3	3	0	1	2	2	4155	660	31	20617	7	3	40	0	0	0	0	0	0	0	0	0	0	0	0	0	0	
344.017433	8	3	3	0	1	2	2	4163	658	31	20676	7	3	40	0	0	0	0	0	0	0	0	0	0	0	0	0	0	
345.018233	8	3	3	0	1	2	2	4172	662	31	20736	7	3	40	0	0	0	0	0	0	0	0	0	0	0	0	0	0	
346.017600	8	3	3	0	1	2	2	4181	662	30	20796	7	3	40	0	0	0	0	0	0	0	0	0	0	0	0	0	0	
347.018400	8	3	3	0	1	2	2	4190	661	30	20856	7	3	40	0	0	0	0	0	0	0	0	0	0	0	0	0	0	
348.023517	8	3	3	0	1	2	2	4199	660	30	20916	7	3	40	0	0	0	0	0	0	0	0	0	0	0	0	0	0	
349.024317	8	3	3	0	1	2	2	4198	610	30	20976	7	3	40	0	0	0	0	0	0	0	0	0	0	0	0	0	0	
350.025117	8	3	3	0	1	2	2	4198	573	31	21036	7	3	40	0	0	0	0	0	0	0	0	0	0	0	0	0	0	
351.024483	8	3	3	0	1	2	2	4198	537	31	21096	7	3	40	0	0	0	0	0	0	0	0	0	0	0	0	0	0	
352.025283	8	3	3	0	1	2	2	4198	507	30	21156	7	3	40	0	0	0	0	0	0	0	0	0	0	0	0	0	0	
353.030400	8	3	3	0	1	2	2	4198	478	31	21216	7	3	40	0	0	0	0	0	0	0	0	0	0	0	0	0	0	
354.029767	8	3	3	0	1	2	2	4198	451	31	21276	7	3	40	0	0	0	0	0	0	0	0	0	0	0	0	0	0	
355.030567	8	3	3	0	1	2	2	4198	426	30	21336	7	3	40	0	0	0	0	0	0	0	0	0	0	0	0	0	0	
356.031367	8	3	3	0	1	2	2	4198	402	31	21396	7	3	40	0	0	0	0	0	0	0	0	0	0	0	0	0	0	
357.032167	8	3	3	0	1	2	2	4198	382	30	21457	7	3	40	0	0	0	0	0	0	0	0	0	0	0	0	0	0	
358.018567	8	3	3	0	1	2	2	4199	366	31	21516	7	3	40	0	0	0	0	0	0	0	0	0	0	0	0	0	0	
359.025117	8	3	3	0	1	2	2	4198	345	30	21576	7	3	40	0	0	0	0	0	0	0	0	0	0	0	0	0	0	
360.025917	8	3	3	0	1	2	2	4198	325	30	21636	7	3	40	0	0	0	0	0	0	0	0	0	0	0	0	0	0	
361.026717	8	3	3	0	1	2	2	4199	310	30	21696	7	3	40	0	0	0	0	0	0	0	0	0	0	0	0	0	0	
362.030400	8	3	3	0	1	2	2	4198	294	31	21756	7	3	40	0	0	0	0	0	0	0	0	0	0	0	0	0	0	
363.031200	8	3	3	0	1	2	2	4198	280	31	21816	7	3	40	0	0	0	0	0	0	0	0	0	0	0	0	0	0	
364.032000	8	3	3	0	1	2	2	4199	266	30	21876	7	3	40	0	0	0	0	0	0	0	0	0	0	0	0	0	0	
365.031367	8	3	3	0	1	2	2	4198	254	30	21936	7	3	40	0	0	0	0	0	0	0	0	0	0	0	0	0	0	
366.032167	8	3	3	0	1	2	2	4198	242	30	21997	7	3	40	0	0	0	0	0	0	0	0	0	0	0	0	0	0	
367.018567	8	3	3	0	1	2	2	4199	230	30	22056	7	3	40	0	0	0	0	0	0	0	0	0	0	0	0	0	0	
368.017917	8	3	3	0	1	2	2	4198	218	30	22116	7	3	40	0	0	0	0	0	0	0	0	0	0	0	0	0	0	
369.018717	8	3	3	0	1	2	2	4198	209	30	22176	7	3	40	0	0	0	0	0	0	0	0	0	0	0	0	0	0	
370.019517	8	3	3	0	1	2	2	4198	200	30	22236	7	3	40	0	0	0	0	0	0	0	0	0	0	0	0	0	0	
371.020317	8	3	3	0	1	2	2	4198	188	30	22296	7	3	40	0	0	0	0	0	0	0	0	0	0	0	0	0	0	
372.029767	8	3	3	0	1	2	2	4199	179	31	22356	7	3	40	0	0	0	0	0	0	0	0	0	0	0	0	0	0	
373.034883	8	3	3	0	1	2	2	4198	175	30	22417	7	3	40	0	0	0	0	0	0	0	0	0	0	0	0	0	0	
374.021283	8	3	3	0	1	2	2	4198	162	30	22476	7	3	40	0	0	0	0	0	0	0	0	0	0	0	0	0	0	
375.024967	8	3	3	0	1	2	2	4198	156	31	22536	7	3	40	0	0	0	0	0	0	0	0	0	0	0	0	0	0	
376.025767	8	3	3	0	1	2	2	4199	150	31	22596	7	3	40	0	0	0	0	0	0	0	0	0	0	0	0	0	0	
377.026567	8	3	3	0	1	2	2	4199	142	31	22656	7	3	40	0	0	0	0	0	0	0	0	0	0	0	0	0	0	
378.025917	8	3	3	0	1	2	2	4199	136	30	22716	7	3	40	0	0	0	0	0	0	0	0	0	0	0	0	0	0	
379.026717	8	3	3	0	1	2	2	4198	131	30	22776	7	3	40	0	0	0	0	0	0	0	0	0	0	0	0	0	0	
380.027517	8	3	3	0	1	2	2	4199	124	30	22836	7	3	40	0	0	0	0	0	0	0	0	0	0	0	0	0	0	
381.032633	8	3	3	0	1	2	2	4199	118	30	22896	7	3	40	0	0	0	0	0	0	0	0	0	0	0	0	0	0	
382.032000	8	3	3	0	1	2	2	4199	114	30	22956	7	3	40	0	0	0	0	0	0	0	0	0	0	0	0	0	0	
383.034233	8	3	3	0	1	2	2	4199	108	30	23016	7	3	40	0	0	0	0	0	0	0	0	0	0	0	0	0	0	
384.036483	8	3	3	0	1	2	2	4199	105	30	23077	7	3	40	0	0	0	0	0	0	0	0	0	0	0	0	0	0	
385.021433	8	3	3	0	1	2	2	4198	99	30	23136	7	3	40	0	0	0	0	0	0	0	0	0	0	0	0	0	0	
386.022233	8	3	3	0	1	2	2	4198	94	30	23196	7	3	40	0	0	0	0	0	0	0	0	0	0	0	0	0	0	
387.025917	8	3	3	0	1	2	2	4198	91	30	23256	7	3	40	0	0	0	0	0	0	0	0	0	0	0	0	0	0	
388.026717	8	3	3	0	1	2	2	4198	87	30	23316	7	3	40	0	0	0	0	0	0	0	0	0	0	0	0	0	0	
389.034717	8	3	3	0	1	2	2	4198	82	30	23376	7	3	40	0	0	0	0	0	0	0	0	0	0	0	0	0	0	
390.035517	8	3	3	0	1	2	2	4198	80	31	23437	7	3	40	0	0	0	0	0	0	0	0	0	0	0	0	0	0	
391.020483	8	3	3	0	1	2	2	4199	77	30	23496	7	3	40	0	0	0	0	0	0	0	0	0	0	0	0	0	0	
392.021283	8	3	3	0	1	2	2	4198	74	31	23556	7	3	40	0	0	0	0	0	0	0	0	0	0	0	0	0	0	
393.020633	8	3	3	0	1	2	2	4199	71	31	23616	7	3	40	0	0	0	0	0	0	0	0	0	0	0	0	0	0	
394.021433	8	3	3	0	1	2	2	4198	69	30	23676	7	3	40	0	0	0	0	0	0	0	0	0	0	0	0	0	0	
394.891200	8	6	3	0	2	7	1	4019	-1350	31	23728	7	4	0	0	0	0	0	0	0	0	0	0	0	0	0	0	0	
395.023683	8	6	3	0	2	7	1	3996	-1349	30	23736	7	4	0	0	0	0	0	0	0	0	0	0	0	0	0	0	0	
396.028800	8	6	3	0	2	7	1	3903	-1349	30	23796	7	4	1	0	0	0	0	0	0	0	0	0	0	0	0	0	0	
397.028167	8	6	3	0	2	7	1	3814	-1351	31	23856	7	4	3	0	0	0	0	0	0	0	0	0	0	0	0	0	0	
398.028967	8	6	3	0	2	7	1	3759	-1351	30	23916	7	4	5	0	0	0	0	0	0	0	0	0	0	0	0	0	0	
399.032633	8	6	3	0	2	7	1	3712	-1352	31	23976	7	4	6	0	0	0	0	0	0	0	0	0	0	0	0	0	0	
400.033433	8	6	3	0	2	7	1	3668	-1350	31	24036	7	4	8	0	0	0	0	0	0	0	0	0	0	0	0	0	0	
401.034233	8	6	3	0	2	7	1	3631	-1351	31	24096	7	4	10	0	0	0	0	0	0	0	0	0	0	0	0	0	0	
402.035033	8	6	3	0	2	7	1	3597	-1349	30	24156	7	4	11	0	0	0	0	0	0	0	0	0	0	0	0	0	0	
403.035833	8	6	3	0	2	7	1	3565	-1349	30	24217	7	4	13	0	0	0	0	0	0	0	0	0	0	0	0	0	0	
404.022233	8	6	3	0	2	7	1	3537	-1350	30	24276	7	4	15	0	0	0	0	0	0	0	0	0	0	0	0	0	0	
405.028800	8	6	3	0	2	7	1	3512	-1349	30	24336	7	4	16	0	0	0	0	0	0	0	0	0	0	0	0	0	0	
406.029600	8	6	3	0	2	7	1	3488	-1350	30	24396	7	4	18	0	0	0	0	0	0	0	0	0	0	0	0	0	0	
407.030400	8	6	3	0	2	7	1	3466	-1349	30	24456	7	4	19	0	0	0	0	0	0	0	0	0	0	0	0	0	0	
408.034083	8	6	3	0	2	7	1	3445	-1349	31	24516	7	4	21	0	0	0	0	0	0	0	0	0	0	0	0	0	0	
409.036317	8	6	3	0	2	7	1	3424	-1352	30	24577	7	4	23	0	0	0	0	0	0	0	0	0	0	0	0	0	0	
410.021283	8	6	3	0	2	7	1	3405	-1351	31	24636	7	4	24	0	0	0	0	0	0	0	0	0	0	0	0	0	0	
411.022083	8	6	3	0	2	7	1	3384	-1349	31	24696	7	4	26	0	0	0	0	0	0	0	0	0	0	0	0	0	0	
412.022883	8	6	3	0	2	7	1	3362	-1349	30	24756	7	4	28	0	0	0	0	0	0	0	0	0	0	0	0	0	0	
413.023683	8	6	3	0	2	7	1	3336	-1349	30	24816	7	4	29	0	0	0	0	0	0	0	0	0	0	0	0	0	0	
414.024483	8	6	3	0	2	7	1	3304	-1350	31	24876	7	4	31	0	0	0	0	0	0	0	0	0	0	0	0	0	0	
415.028167	8	6	3	0	2	7	1	3262	-1348	31	24936	7	4	33	0	0	0	0	0	0	0	0	0	0	0	0	0	0	
416.028967	8	6	3	0	2	7	1	3209	-1349	31	24996	7	4	34	0	0	0	0	0	0	0	0	0	0	0	0	0	0	
417.029767	8	6	3	0	2	7	1	3132	-1351	30	25056	7	4	36	0	0	0	0	0	0	0	0	0	0	0	0	0	0	
418.029117	8	6	3	0	2	7	1	3015	-1349	30	25116	7	4	38	0	0	0	0	0	0	0	0	0	0	0	0	0	0	
419.031367	8	6	3	0	2	7	1	2811	-1350	31	25176	7	4	39	0	0	0	0	0	0	0	0	0	0	0	0	0	0	
419.500800	8	15	3	0	1	31	2	3200	326	31	25204	9	4	40	0	0	0	0	0	0	0	0	0	0	0	0	0	0	
419.520967	8	3	3	0	1	2	2	3423	676	31	25206	9	4	40	0	0	0	0	0	0	0	0	0	0	0	0	0	0	
420.037917	8	3	3	0	1	2	2	3784	675	31	25237	9	4	40	0	0	0	0	0	0	0	0	0	0	0	0	0	0	
421.022883	8	3	3	0	1	2	2	3868	674	30	25296	9	4	40	0	0	0	0	0	0	0	0	0	0	0	0	0	0	
422.025117	8	3	3	0	1	2	2	3908	674	30	25356	9	4	40	0	0	0	0	0	0	0	0	0	0	0	0	0	0	
423.030233	8	3	3	0	1	2	2	3935	674	31	25416	9	4	40	0	0	0	0	0	0	0	0	0	0	0	0	0	0	
424.031033	8	3	3	0	1	2	2	3955	675	31	25476	9	4	40	0	0	0	0	0	0	0	0	0	0	0	0	0	0	
425.031833	8	3	3	0	1	2	2	3970	675	30	25536	9	4	40	0	0	0	0	0	0	0	0	0	0	0	0	0	0	
426.035517	8	3	3	0	1	2	2	3983	674	30	25596	9	4	40	0	0	0	0	0	0	0	0	0	0	0	0	0	0	
427.036317	8	3	3	0	1	2	2	3994	674	31	25656	9	4	40	0	0	0	0	0	0	0	0	0	0	0	0	0	0	
428.037117	8	3	3	0	1	2	2	4004	674	31	25716	9	4	40	0	0	0	0	0	0	0	0	0	0	0	0	0	0	
429.037917	8	3	3	0	1	2	2	4014	675	30	25776	9	4	40	0	0	0	0	0	0	0	0	0	0	0	0	0	0	
430.038717	8	3	3	0	1	2	2	4023	674	30	25837	9	4	40	0	0	0	0	0	0	0	0	0	0	0	0	0	0	
431.023683	8	3	3	0	1	2	2	4031	675	30	25896	9	4	40	0	0	0	0	0	0	0	0	0	0	0	0	0	0	
432.024483	8	3	3	0	1	2	2	4039	675	31	25956	9	4	40	0	0	0	0	0	0	0	0	0	0	0	0	0	0	
433.023833	8	3	3	0	1	2	2	4047	674	30	26016	9	4	40	0	0	0	0	0	0	0	0	0	0	0	0	0	0	
434.028967	8	3	3	0	1	2	2	4054	675	30	26076	9	4	40	0	0	0	0	0	0	0	0	0	0	0	0	0	0	
435.035517	8	3	3	0	1	2	2	4063	675	31	26136	9	4	40	0	0	0	0	0	0	0	0	0	0	0	0	0	0	
436.036317	8	3	3	0	1	2	2	4070	675	30	26196	9	4	40	0	0	0	0	0	0	0	0	0	0	0	0	0	0	
437.037117	8	3	3	0	1	2	2	4078	674	30	26256	9	4	40	0	0	0	0	0	0	0	0	0	0	0	0	0	0	
438.037917	8	3	3	0	1	2	2	4085	675	30	26317	9	4	40	0	0	0	0	0	0	0	0	0	0	0	0	0	0	
439.024317	8	3	3	0	1	2	2	4093	674	30	26376	9	4	40	0	0	0	0	0	0	0	0	0	0	0	0	0	0	
440.025117	8	3	3	0	1	2	2	4100	675	31	26436	9	4	40	0	0	0	0	0	0	0	0	0	0	0	0	0	0	
441.024483	8	3	3	0	1	2	2	4107	675	30	26496	9	4	40	0	0	0	0	0	0	0	0	0	0	0	0	0	0	
442.025283	8	3	3	0	1	2	2	4115	674	30	26556	9	4	40	0	0	0	0	0	0	0	0	0	0	0	0	0	0	
443.026083	8	3	3	0	1	2	2	4122	668	30	26616	9	4	40	0	0	0	0	0	0	0	0	0	0	0	0	0	0	
444.031200	8	3	3	0	1	2	2	4129	665	30	26676	9	4	40	0	0	0	0	0	0	0	0	0	0	0	0	0	0	
445.032000	8	3	3	0	1	2	2	4137	663	30	26736	9	4	40	0	0	0	0	0	0	0	0	0	0	0	0	0	0	
446.034233	8	3	3	0	1	2	2	4144	661	30	26796	9	4	40	0	0	0	0	0	0	0	0	0	0	0	0	0	0	
447.037917	8	3	3	0	1	2	2	4153	660	30	26856	9	4	40	0	0	0	0	0	0	0	0	0	0	0	0	0	0	
448.038717	8	3	3	0	1	2	2	4160	658	30	26916	9	4	40	0	0	0	0	0	0	0	0	0	0	0	0	0	0	
449.040967	8	3	3	0	1	2	2	4168	657	30	26977	9	4	40	0	0	0	0	0	0	0	0	0	0	0	0	0	0	
450.028800	8	3	3	0	1	2	2	4177	656	30	27036	9	4	40	0	0	0	0	0	0	0	0	0	0	0	0	0	0	
451.032483	8	3	3	0	1	2	2	4186	659	30	27096	9	4	40	0	0	0	0	0	0	0	0	0	0	0	0	0	0	
452.033283	8	3	3	0	1	2	2	4195	659	30	27156	9	4	40	0	0	0	0	0	0	0	0	0	0	0	0	0	0	
453.036967	8	3	3	0	1	2	2	4198	629	30	27216	9	4	40	0	0	0	0	0	0	0	0	0	0	0	0	0	0	
454.037767	8	3	3	0	1	2	2	4199	589	30	27276	9	4	40	0	0	0	0	0	0	0	0	0	0	0	0	0	0	
455.038567	8	3	3	0	1	2	2	4199	552	30	27336	9	4	40	0	0	0	0	0	0	0	0	0	0	0	0	0	0	
456.039367	8	3	3	0	1	2	2	4199	521	30	27396	9	4	40	0	0	0	0	0	0	0	0	0	0	0	0	0	0	
457.040167	8	3	3	0	1	2	2	4199	490	30	27457	9	4	40	0	0	0	0	0	0	0	0	0	0	0	0	0	0	
458.025117	8	3	3	0	1	2	2	4199	462	30	27516	9	4	40	0	0	0	0	0	0	0	0	0	0	0	0	0	0	
459.027367	8	3	3	0	1	2	2	4199	435	30	27576	9	4	40	0	0	0	0	0	0	0	0	0	0	0	0	0	0	
460.032483	8	3	3	0	1	2	2	4198	412	30	27636	9	4	40	0	0	0	0	0	0	0	0	0	0	0	0	0	0	
461.031833	8	3	3	0	1	2	2	4199	390	30	27696	9	4	40	0	0	0	0	0	0	0	0	0	0	0	0	0	0	
462.032633	8	3	3	0	1	2	2	4198	370	30	27756	9	4	40	0	0	0	0	0	0	0	0	0	0	0	0	0	0	
463.033433	8	3	3	0	1	2	2	4199	350	30	27816	9	4	40	0	0	0	0	0	0	0	0	0	0	0	0	0	0	
464.037117	8	3	3	0	1	2	2	4199	336	30	27876	9	4	40	0	0	0	0	0	0	0	0	0	0	0	0	0	0	
465.043683	8	3	3	0	1	2	2	4198	314	30	27937	9	4	40	0	0	0	0	0	0	0	0	0	0	0	0	0	0	
466.030083	8	3	3	0	1	2	2	4199	299	30	27996	9	4	40	0	0	0	0	0	0	0	0	0	0	0	0	0	0	
467.033767	8	3	3	0	1	2	2	4199	285	30	28056	9	4	40	0	0	0	0	0	0	0	0	0	0	0	0	0	0	
468.034567	8	3	3	0	1	2	2	4199	271	30	28116	9	4	40	0	0	0	0	0	0	0	0	0	0	0	0	0	0	
469.035367	8	3	3	0	1	2	2	4199	257	30	28176	9	4	40	0	0	0	0	0	0	0	0	0	0	0	0	0	0	
470.039033	8	3	3	0	1	2	2	4199	245	30	28236	9	4	40	0	0	0	0	0	0	0	0	0	0	0	0	0	0	
471.041283	8	3	3	0	1	2	2	4198	236	30	28297	9	4	40	0	0	0	0	0	0	0	0	0	0	0	0	0	0	
472.027683	8	3	3	0	1	2	2	4198	222	30	28356	9	4	40	0	0	0	0	0	0	0	0	0	0	0	0	0	0	
473.028483	8	3	3	0	1	2	2	4199	211	30	28416	9	4	40	0	0	0	0	0	0	0	0	0	0	0	0	0	0	
474.033600	8	3	3	0	1	2	2	4198	200	30	28476	9	4	40	0	0	0	0	0	0	0	0	0	0	0	0	0	0	
475.034400	8	3	3	0	1	2	2	4198	191	30	28536	9	4	40	0	0	0	0	0	0	0	0	0	0	0	0	0	0	
476.035200	8	3	3	0	1	2	2	4199	182	30	28596	9	4	40	0	0	0	0	0	0	0	0	0	0	0	0	0	0	
477.034567	8	3	3	0	1	2	2	4199	175	30	28656	9	4	40	0	0	0	0	0	0	0	0	0	0	0	0	0	0	
478.035367	8	3	3	0	1	2	2	4198	168	30	28716	9	4	40	0	0	0	0	0	0	0	0	0	0	0	0	0	0	
479.041917	8	3	3	0	1	2	2	4199	162	30	28777	9	4	40	0	0	0	0	0	0	0	0	0	0	0	0	0	0	
480.029767	8	3	3	0	1	2	2	4198	150	30	28836	9	4	40	0	0	0	0	0	0	0	0	0	0	0	0	0	0	
481.034883	8	3	3	0	1	2	2	4198	144	30	28896	9	4	40	0	0	0	0	0	0	0	0	0	0	0	0	0	0	
482.035683	8	3	3	0	1	2	2	4199	138	30	28956	9	4	40	0	0	0	0	0	0	0	0	0	0	0	0	0	0	
483.037917	8	3	3	0	1	2	2	4199	133	30	29016	9	4	40	0	0	0	0	0	0	0	0	0	0	0	0	0	0	
484.043033	8	3	3	0	1	2	2	4199	125	30	29077	9	4	40	0	0	0	0	0	0	0	0	0	0	0	0	0	0	
485.029433	8	3	3	0	1	2	2	4199	120	30	29136	9	4	40	0	0	0	0	0	0	0	0	0	0	0	0	0	0	
486.030233	8	3	3	0	1	2	2	4198	114	30	29196	9	4	40	0	0	0	0	0	0	0	0	0	0	0	0	0	0	
487.033917	8	3	3	0	1	2	2	4198	109	30	29256	9	4	40	0	0	0	0	0	0	0	0	0	0	0	0	0	0	
488.034717	8	3	3	0	1	2	2	4199	105	30	29316	9	4	40	0	0	0	0	0	0	0	0	0	0	0	0	0	0	
489.035517	8	3	3	0	1	2	2	4199	99	30	29376	9	4	40	0	0	0	0	0	0	0	0	0	0	0	0	0	0	
490.034883	8	3	3	0	1	2	2	4198	97	30	29436	9	4	40	0	0	0	0	0	0	0	0	0	0	0	0	0	0	
491.035683	8	3	3	0	1	2	2	4199	91	30	29496	9	4	40	0	0	0	0	0	0	0	0	0	0	0	0	0	0	
492.036483	8	3	3	0	1	2	2	4198	88	30	29556	9	4	40	0	0	0	0	0	0	0	0	0	0	0	0	0	0	
493.041600	8	3	3	0	1	2	2	4199	86	30	29616	9	4	40	0	0	0	0	0	0	0	0	0	0	0	0	0	0	
494.043833	8	3	3	0	1	2	2	4199	85	30	29677	9	4	40	0	0	0	0	0	0	0	0	0	0	0	0	0	0	
495.031683	8	3	3	0	1	2	2	4198	76	30	29736	9	4	40	0	0	0	0	0	0	0	0	0	0	0	0	0	0	
496.039683	8	3	3	0	1	2	2	4199	75	30	29796	9	4	40	0	0	0	0	0	0	0	0	0	0	0	0	0	0	
497.043367	8	3	3	0	1	2	2	4199	71	30	29857	9	4	40	0	0	0	0	0	0	0	0	0	0	0	0	0	0	
498.028317	8	3	3	0	1	2	2	4198	69	30	29916	9	4	40	0	0	0	0	0	0	0	0	0	0	0	0	0	0	
498.837600	8	6	3	0	2	7	1	4021	-1349	30	29964	9	5	0	0	0	0	0	0	0	0	0	0	0	0	0	0	0	
499.030567	8	6	3	0	2	7	1	3989	-1345	30	29976	9	5	0	0	0	0	0	0	0	0	0	0	0	0	0	0	0	
500.035683	8	6	3	0	2	7	1	3897	-1351	30	30036	9	5	1	0	0	0	0	0	0	0	0	0	0	0	0	0	0	
501.036483	8	6	3	0	2	7	1	3809	-1350	30	30096	9	5	3	0	0	0	0	0	0	0	0	0	0	0	0	0	0	
502.035833	8	6	3	0	2	7	1	3754	-1349	30	30156	9	5	5	0	0	0	0	0	0	0	0	0	0	0	0	0	0	
503.036633	8	6	3	0	2	7	1	3706	-1349	30	30216	9	5	6	0	0	0	0	0	0	0	0	0	0	0	0	0	0	
504.037433	8	6	3	0	2	7	1	3664	-1348	30	30276	9	5	8	0	0	0	0	0	0	0	0	0	0	0	0	0	0	
505.042567	8	6	3	0	2	7	1	3625	-1349	30	30336	9	5	10	0	0	0	0	0	0	0	0	0	0	0	0	0	0	
506.041917	8	6	3	0	2	7	1	3590	-1350	30	30396	9	5	11	0	0	0	0	0	0	0	0	0	0	0	0	0	0	
507.042717	8	6	3	0	2	7	1	3560	-1349	30	30456	9	5	13	0	0	0	0	0	0	0	0	0	0	0	0	0	0	
508.044967	8	6	3	0	2	7	1	3532	-1350	30	30517	9	5	15	0	0	0	0	0	0	0	0	0	0	0	0	0	0	
509.031367	8	6	3	0	2	7	1	3508	-1351	30	30576	9	5	16	0	0	0	0	0	0	0	0	0	0	0	0	0	0	
510.036483	8	6	3	0	2	7	1	3486	-1348	30	30636	9	5	18	0	0	0	0	0	0	0	0	0	0	0	0	0	0	
511.037283	8	6	3	0	2	7	1	3465	-1351	30	30696	9	5	20	0	0	0	0	0	0	0	0	0	0	0	0	0	0	
512.040967	8	6	3	0	2	7	1	3444	-1350	30	30756	9	5	21	0	0	0	0	0	0	0	0	0	0	0	0	0	0	
513.044633	8	6	3	0	2	7	1	3424	-1350	30	30817	9	5	23	0	0	0	0	0	0	0	0	0	0	0	0	0	0	
514.029600	8	6	3	0	2	7	1	3404	-1348	30	30876	9	5	25	0	0	0	0	0	0	0	0	0	0	0	0	0	0	
515.030400	8	6	3	0	2	7	1	3383	-1351	30	30936	9	5	26	0	0	0	0	0	0	0	0	0	0	0	0	0	0	
516.031200	8	6	3	0	2	7	1	3359	-1350	30	30996	9	5	28	0	0	0	0	0	0	0	0	0	0	0	0	0	0	
517.032000	8	6	3	0	2	7	1	3332	-1349	30	31056	9	5	30	0	0	0	0	0	0	0	0	0	0	0	0	0	0	
518.032800	8	6	3	0	2	7	1	3300	-1349	30	31116	9	5	31	0	0	0	0	0	0	0	0	0	0	0	0	0	0	
519.036483	8	6	3	0	2	7	1	3258	-1351	30	31176	9	5	33	0	0	0	0	0	0	0	0	0	0	0	0	0	0	
520.037283	8	6	3	0	2	7	1	3203	-1349	30	31236	9	5	35	0	0	0	0	0	0	0	0	0	0	0	0	0	0	
521.043833	8	6	3	0	2	7	1	3123	-1348	30	31296	9	5	36	0	0	0	0	0	0	0	0	0	0	0	0	0	0	
522.044633	8	6	3	0	2	7	1	3000	-1349	30	31357	9	5	38	0	0	0	0	0	0	0	0	0	0	0	0	0	0	
523.031033	8	6	3	0	2	7	1	2791	-1349	30	31416	9	5	40	0	0	0	0	0	0	0	0	0	0	0	0	0	0	
523.418400	8	15	3	0	1	31	2	3217	367	30	31439	11	5	40	0	0	0	0	0	0	0	0	0	0	0	0	0	0	
523.438567	8	3	3	0	1	2	2	3431	676	30	31440	11	5	40	0	0	0	0	0	0	0	0	0	0	0	0	0	0	
524.036167	8	3	3	0	1	2	2	3799	674	30	31476	11	5	40	0	0	0	0	0	0	0	0	0	0	0	0	0	0	
525.044167	8	3	3	0	1	2	2	3875	675	30	31536	11	5	40	0	0	0	0	0	0	0	0	0	0	0	0	0	0	
526.044967	8	3	3	0	1	2	2	3912	674	30	31596	11	5	40	0	0	0	0	0	0	0	0	0	0	0	0	0	0	
527.045767	8	3	3	0	1	2	2	3939	674	30	31656	11	5	40	0	0	0	0	0	0	0	0	0	0	0	0	0	0	
528.045117	8	3	3	0	1	2	2	3958	674	30	31717	11	5	40	0	0	0	0	0	0	0	0	0	0	0	0	0	0	
529.031517	8	3	3	0	1	2	2	3972	675	30	31776	11	5	40	0	0	0	0	0	0	0	0	0	0	0	0	0	0	
530.030883	8	3	3	0	1	2	2	3985	675	30	31836	11	5	40	0	0	0	0	0	0	0	0	0	0	0	0	0	0	
531.031683	8	3	3	0	1	2	2	3996	674	30	31896	11	5	40	0	0	0	0	0	0	0	0	0	0	0	0	0	0	
532.032483	8	3	3	0	1	2	2	4006	675	30	31956	11	5	40	0	0	0	0	0	0	0	0	0	0	0	0	0	0	
533.033283	8	3	3	0	1	2	2	4015	674	30	32016	11	5	40	0	0	0	0	0	0	0	0	0	0	0	0	0	0	
534.036967	8	3	3	0	1	2	2	4024	675	30	32076	11	5	40	0	0	0	0	0	0	0	0	0	0	0	0	0	0	
535.037767	8	3	3	0	1	2	2	4032	674	30	32136	11	5	40	0	0	0	0	0	0	0	0	0	0	0	0	0	0	
536.038567	8	3	3	0	1	2	2	4040	674	30	32196	11	5	40	0	0	0	0	0	0	0	0	0	0	0	0	0	0	
537.039367	8	3	3	0	1	2	2	4048	674	30	32256	11	5	40	0	0	0	0	0	0	0	0	0	0	0	0	0	0	
538.040167	8	3	3	0	1	2	2	4056	675	30	32316	11	5	40	0	0	0	0	0	0	0	0	0	0	0	0	0	0	
539.043833	8	3	3	0	1	2	2	4063	675	30	32376	11	5	40	0	0	0	0	0	0	0	0	0	0	0	0	0	0	
540.046083	8	3	3	0	1	2	2	4071	675	30	32437	11	5	40	0	0	0	0	0	0	0	0	0	0	0	0	0	0	
541.032483	8	3	3	0	1	2	2	4079	674	30	32496	11	5	40	0	0	0	0	0	0	0	0	0	0	0	0	0	0	
542.031833	8	3	3	0	1	2	2	4086	674	30	32556	11	5	40	0	0	0	0	0	0	0	0	0	0	0	0	0	0	
543.032633	8	3	3	0	1	2	2	4094	675	30	32616	11	5	40	0	0	0	0	0	0	0	0	0	0	0	0	0	0	
544.033433	8	3	3	0	1	2	2	4101	675	31	32676	11	5	40	0	0	0	0	0	0	0	0	0	0	0	0	0	0	
545.035683	8	3	3	0	1	2	2	4109	676	30	32736	11	5	40	0	0	0	0	0	0	0	0	0	0	0	0	0	0	
546.040800	8	3	3	0	1	2	2	4116	675	30	32796	11	5	40	0	0	0	0	0	0	0	0	0	0	0	0	0	0	
547.044483	8	3	3	0	1	2	2	4123	667	30	32856	11	5	40	0	0	0	0	0	0	0	0	0	0	0	0	0	0	
548.045283	8	3	3	0	1	2	2	4131	664	30	32916	11	5	40	0	0	0	0	0	0	0	0	0	0	0	0	0	0	
549.046083	8	3	3	0	1	2	2	4138	664	31	32976	11	5	40	0	0	0	0	0	0	0	0	0	0	0	0	0	0	
550.046883	8	3	3	0	1	2	2	4146	663	30	33036	11	5	40	0	0	0	0	0	0	0	0	0	0	0	0	0	0	
551.047683	8	3	3	0	1	2	2	4154	661	31	33097	11	5	40	0	0	0	0	0	0	0	0	0	0	0	0	0	0	
552.032633	8	3	3	0	1	2	2	4162	660	30	33156	11	5	40	0	0	0	0	0	0	0	0	0	0	0	0	0	0	
553.033433	8	3	3	0	1	2	2	4170	658	31	33216	11	5	40	0	0	0	0	0	0	0	0	0	0	0	0	0	0	
554.034233	8	3	3	0	1	2	2	4178	657	31	33276	11	5	40	0	0	0	0	0	0	0	0	0	0	0	0	0	0	
555.036483	8	3	3	0	1	2	2	4186	655	30	33336	11	5	40	0	0	0	0	0	0	0	0	0	0	0	0	0	0	
556.043033	8	3	3	0	1	2	2	4195	655	31	33396	11	5	40	0	0	0	0	0	0	0	0	0	0	0	0	0	0	
557.046717	8	3	3	0	1	2	2	4198	624	31	33456	11	5	40	0	0	0	0	0	0	0	0	0	0	0	0	0	0	
558.048967	8	3	3	0	1	2	2	4199	587	31	33517	11	5	40	0	0	0	0	0	0	0	0	0	0	0	0	0	0	
559.033917	8	3	3	0	1	2	2	4199	549	31	33576	11	5	40	0	0	0	0	0	0	0	0	0	0	0	0	0	0	
560.034717	8	3	3	0	1	2	2	4198	518	31	33636	11	5	40	0	0	0	0	0	0	0	0	0	0	0	0	0	0	
561.035517	8	3	3	0	1	2	2	4198	487	31	33696	11	5	40	0	0	0	0	0	0	0	0	0	0	0	0	0	0	
562.036317	8	3	3	0	1	2	2	4198	459	31	33756	11	5	40	0	0	0	0	0	0	0	0	0	0	0	0	0	0	
563.040000	8	3	3	0	1	2	2	4198	433	31	33816	11	5	40	0	0	0	0	0	0	0	0	0	0	0	0	0	0	
564.040800	8	3	3	0	1	2	2	4199	409	31	33876	11	5	40	0	0	0	0	0	0	0	0	0	0	0	0	0	0	
565.041600	8	3	3	0	1	2	2	4199	387	31	33936	11	5	40	0	0	0	0	0	0	0	0	0	0	0	0	0	0	
566.042400	8	3	3	0	1	2	2	4198	367	31	33996	11	5	40	0	0	0	0	0	0	0	0	0	0	0	0	0	0	
567.041767	8	3	3	0	1	2	2	4199	347	31	34056	11	5	40	0	0	0	0	0	0	0	0	0	0	0	0	0	0	
568.046883	8	3	3	0	1	2	2	4199	330	31	34116	11	5	40	0	0	0	0	0	0	0	0	0	0	0	0	0	0	
569.047683	8	3	3	0	1	2	2	4198	312	31	34176	11	5	40	0	0	0	0	0	0	0	0	0	0	0	0	0	0	
570.049917	8	3	3	0	1	2	2	4199	302	31	34237	11	5	40	0	0	0	0	0	0	0	0	0	0	0	0	0	0	
571.036317	8	3	3	0	1	2	2	4199	284	31	34296	11	5	40	0	0	0	0	0	0	0	0	0	0	0	0	0	0	
572.044317	8	3	3	0	1	2	2	4198	268	31	34356	11	5	40	0	0	0	0	0	0	0	0	0	0	0	0	0	0	
573.048000	8	3	3	0	1	2	2	4198	256	31	34416	11	5	40	0	0	0	0	0	0	0	0	0	0	0	0	0	0	
574.048800	8	3	3	0	1	2	2	4199	243	31	34476	11	5	40	0	0	0	0	0	0	0	0	0	0	0	0	0	0	
575.049600	8	3	3	0	1	2	2	4198	231	31	34537	11	5	40	0	0	0	0	0	0	0	0	0	0	0	0	0	0	
576.034567	8	3	3	0	1	2	2	4198	221	31	34596	11	5	40	0	0	0	0	0	0	0	0	0	0	0	0	0	0	
577.035367	8	3	3	0	1	2	2	4198	209	31	34656	11	5	40	0	0	0	0	0	0	0	0	0	0	0	0	0	0	
578.036167	8	3	3	0	1	2	2	4199	200	31	34716	11	5	40	0	0	0	0	0	0	0	0	0	0	0	0	0	0	
579.036967	8	3	3	0	1	2	2	4198	190	31	34776	11	5	40	0	0	0	0	0	0	0	0	0	0	0	0	0	0	
580.040633	8	3	3	0	1	2	2	4198	182	31	34836	11	5	40	0	0	0	0	0	0	0	0	0	0	0	0	0	0	
581.041433	8	3	3	0	1	2	2	4199	173	31	34896	11	5	40	0	0	0	0	0	0	0	0	0	0	0	0	0	0	
582.042233	8	3	3	0	1	2	2	4199	163	31	34956	11	5	40	0	0	0	0	0	0	0	0	0	0	0	0	0	0	
583.043033	8	3	3	0	1	2	2	4199	156	31	35016	11	5	40	0	0	0	0	0	0	0	0	0	0	0	0	0	0	
584.045283	8	3	3	0	1	2	2	4198	152	31	35076	11	5	40	0	0	0	0	0	0	0	0	0	0	0	0	0	0	
585.048967	8	3	3	0	1	2	2	4198	142	31	35136	11	5	40	0	0	0	0	0	0	0	0	0	0	0	0	0	0	
586.051200	8	3	3	0	1	2	2	4199	139	31	35197	11	5	40	0	0	0	0	0	0	0	0	0	0	0	0	0	0	
587.036167	8	3	3	0	1	2	2	4198	130	31	35256	11	5	40	0	0	0	0	0	0	0	0	0	0	0	0	0	0	
588.036967	8	3	3	0	1	2	2	4199	125	31	35316	11	5	40	0	0	0	0	0	0	0	0	0	0	0	0	0	0	
589.037767	8	3	3	0	1	2	2	4198	119	31	35376	11	5	40	0	0	0	0	0	0	0	0	0	0	0	0	0	0	
590.042883	8	3	3	0	1	2	2	4198	113	31	35436	11	5	40	0	0	0	0	0	0	0	0	0	0	0	0	0	0	
591.042233	8	3	3	0	1	2	2	4199	109	31	35496	11	5	40	0	0	0	0	0	0	0	0	0	0	0	0	0	0	
592.043033	8	3	3	0	1	2	2	4198	104	31	35556	11	5	40	0	0	0	0	0	0	0	0	0	0	0	0	0	0	
593.043833	8	3	3	0	1	2	2	4198	100	31	35616	11	5	40	0	0	0	0	0	0	0	0	0	0	0	0	0	0	
594.044633	8	3	3	0	1	2	2	4198	96	31	35676	11	5	40	0	0	0	0	0	0	0	0	0	0	0	0	0	0	
595.048317	8	3	3	0	1	2	2	4198	91	31	35736	11	5	40	0	0	0	0	0	0	0	0	0	0	0	0	0	0	
596.049117	8	3	3	0	1	2	2	4198	87	31	35796	11	5	40	0	0	0	0	0	0	0	0	0	0	0	0	0	0	
597.051367	8	3	3	0	1	2	2	4199	86	31	35857	11	5	40	0	0	0	0	0	0	0	0	0	0	0	0	0	0	
598.039200	8	3	3	0	1	2	2	4198	79	31	35916	11	5	40	0	0	0	0	0	0	0	0	0	0	0	0	0	0	
599.042883	8	3	3	0	1	2	2	4198	78	31	35976	11	5	40	0	0	0	0	0	0	0	0	0	0	0	0	0	0	
600.043683	8	3	3	0	1	2	2	4199	75	31	36036	11	5	40	0	0	0	0	0	0	0	0	0	0	0	0	0	0	
601.044483	8	3	3	0	1	2	2	4198	71	31	36096	11	5	40	0	0	0	0	0	0	0	0	0	0	0	0	0	0	
602.043833	8	3	3	0	1	2	2	4199	71	31	36156	11	5	40	0	0	0	0	0	0	0	0	0	0	0	0	0	0	
602.317433	8	6	3	0	2	7	1	4099	-774	31	36172	11	6	0	0	0	0	0	0	0	0	0	0	0	0	0	0	0	
603.048967	8	6	3	0	2	7	1	3943	-1350	31	36216	11	6	1	0	0	0	0	0	0	0	0	0	0	0	0	0	0	
604.052633	8	6	3	0	2	7	1	3846	-1349	31	36277	11	6	2	0	0	0	0	0	0	0	0	0	0	0	0	0	0	
605.037600	8	6	3	0	2	7	1	3780	-1351	31	36336	11	6	4	0	0	0	0	0	0	0	0	0	0	0	0	0	0	
606.038400	8	6	3	0	2	7	1	3730	-1350	31	36396	11	6	6	0	0	0	0	0	0	0	0	0	0	0	0	0	0	
607.043517	8	6	3	0	2	7	1	3685	-1350	31	36456	11	6	7	0	0	0	0	0	0	0	0	0	0	0	0	0	0	
608.044317	8	6	3	0	2	7	1	3645	-1350	31	36516	11	6	9	0	0	0	0	0	0	0	0	0	0	0	0	0	0	
609.043683	8	6	3	0	2	7	1	3609	-1350	31	36576	11	6	11	0	0	0	0	0	0	0	0	0	0	0	0	0	0	
610.047367	8	6	3	0	2	7	1	3576	-1350	31	36636	11	6	12	0	0	0	0	0	0	0	0	0	0	0	0	0	0	
611.051033	8	6	3	0	2	7	1	3547	-1347	31	36696	11	6	14	0	0	0	0	0	0	0	0	0	0	0	0	0	0	
612.051833	8	6	3	0	2	7	1	3522	-1349	31	36756	11	6	15	0	0	0	0	0	0	0	0	0	0	0	0	0	0	
613.052633	8	6	3	0	2	7	1	3498	-1350	31	36817	11	6	17	0	0	0	0	0	0	0	0	0	0	0	0	0	0	
614.037600	8	6	3	0	2	7	1	3477	-1349	31	36876	11	6	19	0	0	0	0	0	0	0	0	0	0	0	0	0	0	
615.038400	8	6	3	0	2	7	1	3457	-1350	31	36936	11	6	20	0	0	0	0	0	0	0	0	0	0	0	0	0	0	
616.039200	8	6	3	0	2	7	1	3436	-1349	31	36996	11	6	22	0	0	0	0	0	0	0	0	0	0	0	0	0	0	
617.040000	8	6	3	0	2	7	1	3416	-1349	31	37056	11	6	24	0	0	0	0	0	0	0	0	0	0	0	0	0	0	
618.045117	8	6	3	0	2	7	1	3395	-1349	31	37116	11	6	25	0	0	0	0	0	0	0	0	0	0	0	0	0	0	
619.053117	8	6	3	0	2	7	1	3374	-1348	31	37177	11	6	27	0	0	0	0	0	0	0	0	0	0	0	0	0	0	
620.038083	8	6	3	0	2	7	1	3350	-1349	31	37236	11	6	29	0	0	0	0	0	0	0	0	0	0	0	0	0	0	
621.038883	8	6	3	0	2	7	1	3321	-1350	31	37296	11	6	30	0	0	0	0	0	0	0	0	0	0	0	0	0	0	
622.039683	8	6	3	0	2	7	1	3285	-1349	31	37356	11	6	32	0	0	0	0	0	0	0	0	0	0	0	0	0	0	
623.041917	8	6	3	0	2	7	1	3237	-1349	31	37416	11	6	34	0	0	0	0	0	0	0	0	0	0	0	0	0	0	
624.045600	8	6	3	0	2	7	1	3173	-1350	31	37476	11	6	35	0	0	0	0	0	0	0	0	0	0	0	0	0	0	
625.046400	8	6	3	0	2	7	1	3078	-1349	31	37536	11	6	37	0	0	0	0	0	0	0	0	0	0	0	0	0	0	
626.047200	8	6	3	0	2	7	1	2918	-1350	31	37596	11	6	39	0	0	0	0	0	0	0	0	0	0	0	0	0	0	
626.957283	8	15	3	0	1	31	2	3109	66	31	37651	13	6	40	0	0	0	0	0	0	0	0	0	0	0	0	0	0	
626.977433	8	3	3	0	1	2	2	3406	676	31	37652	13	6	40	0	0	0	0	0	0	0	0	0	0	0	0	0	0	
627.055200	8	3	3	0	1	2	2	3589	674	31	37657	13	6	40	0	0	0	0	0	0	0	0	0	0	0	0	0	0	
628.041600	8	3	3	0	1	2	2	3843	675	31	37716	13	6	40	0	0	0	0	0	0	0	0	0	0	0	0	0	0	
629.045283	8	3	3	0	1	2	2	3893	675	31	37776	13	6	40	0	0	0	0	0	0	0	0	0	0	0	0	0	0	
630.046083	8	3	3	0	1	2	2	3924	674	31	37836	13	6	40	0	0	0	0	0	0	0	0	0	0	0	0	0	0	
631.046883	8	3	3	0	1	2	2	3947	675	31	37896	13	6	40	0	0	0	0	0	0	0	0	0	0	0	0	0	0	
632.047683	8	3	3	0	1	2	2	3964	675	31	37956	13	6	40	0	0	0	0	0	0	0	0	0	0	0	0	0	0	
633.047033	8	3	3	0	1	2	2	3977	674	31	38016	13	6	40	0	0	0	0	0	0	0	0	0	0	0	0	0	0	
634.053600	8	3	3	0	1	2	2	3989	675	31	38076	13	6	40	0	0	0	0	0	0	0	0	0	0	0	0	0	0	
635.042883	8	3	3	0	1	2	2	3999	675	31	38136	13	6	40	0	0	0	0	0	0	0	0	0	0	0	0	0	0	
636.046567	8	3	3	0	1	2	2	4009	675	31	38196	13	6	40	0	0	0	0	0	0	0	0	0	0	0	0	0	0	
637.048800	8	3	3	0	1	2	2	4018	675	31	38256	13	6	40	0	0	0	0	0	0	0	0	0	0	0	0	0	0	
638.053917	8	3	3	0	1	2	2	4026	674	31	38316	13	6	40	0	0	0	0	0	0	0	0	0	0	0	0	0	0	
639.054717	8	3	3	0	1	2	2	4034	674	31	38376	13	6	40	0	0	0	0	0	0	0	0	0	0	0	0	0	0	
640.054083	8	3	3	0	1	2	2	4042	674	31	38437	13	6	40	0	0	0	0	0	0	0	0	0	0	0	0	0	0	
641.040483	8	3	3	0	1	2	2	4050	674	31	38496	13	6	40	0	0	0	0	0	0	0	0	0	0	0	0	0	0	
642.039833	8	3	3	0	1	2	2	4058	675	31	38556	13	6	40	0	0	0	0	0	0	0	0	0	0	0	0	0	0	
643.040633	8	3	3	0	1	2	2	4065	674	31	38616	13	6	40	0	0	0	0	0	0	0	0	0	0	0	0	0	0	
644.041433	8	3	3	0	1	2	2	4073	675	31	38676	13	6	40	0	0	0	0	0	0	0	0	0	0	0	0	0	0	
645.040800	8	3	3	0	1	2	2	4081	675	31	38736	13	6	40	0	0	0	0	0	0	0	0	0	0	0	0	0	0	
646.041600	8	3	3	0	1	2	2	4088	673	31	38796	13	6	40	0	0	0	0	0	0	0	0	0	0	0	0	0	0	
647.042400	8	3	3	0	1	2	2	4095	674	31	38856	13	6	40	0	0	0	0	0	0	0	0	0	0	0	0	0	0	
648.043200	8	3	3	0	1	2	2	4103	675	31	38916	13	6	40	0	0	0	0	0	0	0	0	0	0	0	0	0	0	
649.046883	8	3	3	0	1	2	2	4110	673	31	38976	13	6	40	0	0	0	0	0	0	0	0	0	0	0	0	0	0	
650.050567	8	3	3	0	1	2	2	4117	669	31	39036	13	6	40	0	0	0	0	0	0	0	0	0	0	0	0	0	0	
651.057117	8	3	3	0	1	2	2	4125	666	31	39097	13	6	40	0	0	0	0	0	0	0	0	0	0	0	0	0	0	
652.042083	8	3	3	0	1	2	2	4132	667	31	39156	13	6	40	0	0	0	0	0	0	0	0	0	0	0	0	0	0	
653.042883	8	3	3	0	1	2	2	4140	666	31	39216	13	6	40	0	0	0	0	0	0	0	0	0	0	0	0	0	0	
654.043683	8	3	3	0	1	2	2	4149	665	31	39276	13	6	40	0	0	0	0	0	0	0	0	0	0	0	0	0	0	
655.047367	8	3	3	0	1	2	2	4157	663	31	39336	13	6	40	0	0	0	0	0	0	0	0	0	0	0	0	0	0	
656.048167	8	3	3	0	1	2	2	4165	663	31	39396	13	6	40	0	0	0	0	0	0	0	0	0	0	0	0	0	0	
657.048967	8	3	3	0	1	2	2	4173	660	31	39456	13	6	40	0	0	0	0	0	0	0	0	0	0	0	0	0	0	
658.049767	8	3	3	0	1	2	2	4181	659	31	39516	13	6	40	0	0	0	0	0	0	0	0	0	0	0	0	0	0	
659.050567	8	3	3	0	1	2	2	4190	657	31	39576	13	6	40	0	0	0	0	0	0	0	0	0	0	0	0	0	0	
660.054233	8	3	3	0	1	2	2	4198	654	31	39636	13	6	40	0	0	0	0	0	0	0	0	0	0	0	0	0	0	
661.055033	8	3	3	0	1	2	2	4198	610	31	39696	13	6	40	0	0	0	0	0	0	0	0	0	0	0	0	0	0	
662.055833	8	3	3	0	1	2	2	4198	572	31	39756	13	6	40	0	0	0	0	0	0	0	0	0	0	0	0	0	0	
663.058083	8	3	3	0	1	2	2	4199	537	31	39817	13	6	40	0	0	0	0	0	0	0	0	0	0	0	0	0	0	
664.043033	8	3	3	0	1	2	2	4198	507	31	39876	13	6	40	0	0	0	0	0	0	0	0	0	0	0	0	0	0	
665.043833	8	3	3	0	1	2	2	4198	477	31	39936	13	6	40	0	0	0	0	0	0	0	0	0	0	0	0	0	0	
666.041767	8	3	3	0	1	2	2	4199	452	31	39996	13	6	40	0	0	0	0	0	0	0	0	0	0	0	0	0	0	
667.042567	8	3	3	0	1	2	2	4198	425	31	40056	13	6	40	0	0	0	0	0	0	0	0	0	0	0	0	0	0	
668.043367	8	3	3	0	1	2	2	4199	402	31	40116	13	6	40	0	0	0	0	0	0	0	0	0	0	0	0	0	0	
669.044167	8	3	3	0	1	2	2	4198	381	31	40176	13	6	40	0	0	0	0	0	0	0	0	0	0	0	0	0	0	
670.049283	8	3	3	0	1	2	2	4198	360	31	40236	13	6	40	0	0	0	0	0	0	0	0	0	0	0	0	0	0	
671.048633	8	3	3	0	1	2	2	4198	342	31	40296	13	6	40	0	0	0	0	0	0	0	0	0	0	0	0	0	0	
672.049433	8	3	3	0	1	2	2	4199	323	31	40356	13	6	40	0	0	0	0	0	0	0	0	0	0	0	0	0	0	
673.050233	8	3	3	0	1	2	2	4199	308	31	40416	13	6	40	0	0	0	0	0	0	0	0	0	0	0	0	0	0	
674.051033	8	3	3	0	1	2	2	4198	293	31	40476	13	6	40	0	0	0	0	0	0	0	0	0	0	0	0	0	0	
675.056167	8	3	3	0	1	2	2	4199	277	31	40536	13	6	40	0	0	0	0	0	0	0	0	0	0	0	0	0	0	
676.042567	8	3	3	0	1	2	2	4199	266	31	40596	13	6	40	0	0	0	0	0	0	0	0	0	0	0	0	0	0	
677.050567	8	3	3	0	1	2	2	4198	250	31	40656	13	6	40	0	0	0	0	0	0	0	0	0	0	0	0	0	0	
678.049917	8	3	3	0	1	2	2	4198	238	31	40716	13	6	40	0	0	0	0	0	0	0	0	0	0	0	0	0	0	
679.050717	8	3	3	0	1	2	2	4198	227	31	40776	13	6	40	0	0	0	0	0	0	0	0	0	0	0	0	0	0	
680.055833	8	3	3	0	1	2	2	4199	216	31	40836	13	6	40	0	0	0	0	0	0	0	0	0	0	0	0	0	0	
681.056633	8	3	3	0	1	2	2	4199	206	31	40896	13	6	40	0	0	0	0	0	0	0	0	0	0	0	0	0	0	
682.058883	8	3	3	0	1	2	2	4199	199	31	40957	13	6	40	0	0	0	0	0	0	0	0	0	0	0	0	0	0	
683.043833	8	3	3	0	1	2	2	4198	185	31	41016	13	6	40	0	0	0	0	0	0	0	0	0	0	0	0	0	0	
684.044633	8	3	3	0	1	2	2	4198	176	31	41076	13	6	40	0	0	0	0	0	0	0	0	0	0	0	0	0	0	
685.044000	8	3	3	0	1	2	2	4198	169	31	41136	13	6	40	0	0	0	0	0	0	0	0	0	0	0	0	0	0	
686.044800	8	3	3	0	1	2	2	4198	161	31	41196	13	6	40	0	0	0	0	0	0	0	0	0	0	0	0	0	0	
687.045600	8	3	3	0	1	2	2	4198	154	31	41256	13	6	40	0	0	0	0	0	0	0	0	0	0	0	0	0	0	
688.050717	8	3	3	0	1	2	2	4198	147	31	41316	13	6	40	0	0	0	0	0	0	0	0	0	0	0	0	0	0	
689.052967	8	3	3	0	1	2	2	4199	143	31	41376	13	6	40	0	0	0	0	0	0	0	0	0	0	0	0	0	0	
690.058083	8	3	3	0	1	2	2	4198	133	31	41436	13	6	40	0	0	0	0	0	0	0	0	0	0	0	0	0	0	
691.058883	8	3	3	0	1	2	2	4198	127	31	41497	13	6	40	0	0	0	0	0	0	0	0	0	0	0	0	0	0	
692.043833	8	3	3	0	1	2	2	4199	122	31	41556	13	6	40	0	0	0	0	0	0	0	0	0	0	0	0	0	0	
693.044633	8	3	3	0	1	2	2	4199	116	31	41616	13	6	40	0	0	0	0	0	0	0	0	0	0	0	0	0	0	
694.045433	8	3	3	0	1	2	2	4198	111	31	41676	13	6	40	0	0	0	0	0	0	0	0	0	0	0	0	0	0	
695.046233	8	3	3	0	1	2	2	4198	106	31	41736	13	6	40	0	0	0	0	0	0	0	0	0	0	0	0	0	0	
696.047033	8	3	3	0	1	2	2	4198	102	31	41796	13	6	40	0	0	0	0	0	0	0	0	0	0	0	0	0	0	
697.050717	8	3	3	0	1	2	2	4198	97	31	41856	13	6	40	0	0	0	0	0	0	0	0	0	0	0	0	0	0	
698.052967	8	3	3	0	1	2	2	4199	97	31	41916	13	6	40	0	0	0	0	0	0	0	0	0	0	0	0	0	0	
699.060967	8	3	3	0	1	2	2	4199	89	31	41977	13	6	40	0	0	0	0	0	0	0	0	0	0	0	0	0	0	
700.045917	8	3	3	0	1	2	2	4198	85	31	42036	13	6	40	0	0	0	0	0	0	0	0	0	0	0	0	0	0	
701.046717	8	3	3	0	1	2	2	4198	81	31	42096	13	6	40	0	0	0	0	0	0	0	0	0	0	0	0	0	0	
702.048967	8	3	3	0	1	2	2	4199	82	31	42156	13	6	40	0	0	0	0	0	0	0	0	0	0	0	0	0	0	
703.052633	8	3	3	0	1	2	2	4198	76	31	42216	13	6	40	0	0	0	0	0	0	0	0	0	0	0	0	0	0	
704.053433	8	3	3	0	1	2	2	4198	71	31	42276	13	6	40	0	0	0	0	0	0	0	0	0	0	0	0	0	0	
705.057117	8	3	3	0	1	2	2	4198	70	31	42336	13	6	40	0	0	0	0	0	0	0	0	0	0	0	0	0	0	
706.057917	8	3	3	0	1	2	2	4199	68	31	42396	13	6	40	0	0	0	0	0	0	0	0	0	0	0	0	0	0	
706.314233	8	6	3	0	2	7	1	4164	-270	31	42412	13	7	0	0	0	0	0	0	0	0	0	0	0	0	0	0	0	
707.045767	8	6	3	0	2	7	1	3943	-1349	31	42456	13	7	1	0	0	0	0	0	0	0	0	0	0	0	0	0	0	
708.045117	8	6	3	0	2	7	1	3847	-1349	31	42516	13	7	2	0	0	0	0	0	0	0	0	0	0	0	0	0	0	
709.045917	8	6	3	0	2	7	1	3780	-1349	31	42576	13	7	4	0	0	0	0	0	0	0	0	0	0	0	0	0	0	
710.046717	8	6	3	0	2	7	1	3730	-1349	31	42636	13	7	6	0	0	0	0	0	0	0	0	0	0	0	0	0	0	
711.047517	8	6	3	0	2	7	1	3686	-1348	31	42696	13	7	7	0	0	0	0	0	0	0	0	0	0	0	0	0	0	
712.051200	8	6	3	0	2	7	1	3647	-1350	31	42756	13	7	9	0	0	0	0	0	0	0	0	0	0	0	0	0	0	
713.052000	8	6	3	0	2	7	1	3611	-1349	31	42816	13	7	11	0	0	0	0	0	0	0	0	0	0	0	0	0	0	
714.054233	8	6	3	0	2	7	1	3578	-1349	31	42876	13	7	12	0	0	0	0	0	0	0	0	0	0	0	0	0	0	
715.062233	8	6	3	0	2	7	1	3549	-1349	31	42937	13	7	14	0	0	0	0	0	0	0	0	0	0	0	0	0	0	
716.047200	8	6	3	0	2	7	1	3523	-1349	31	42996	13	7	16	0	0	0	0	0	0	0	0	0	0	0	0	0	0	
717.046567	8	6	3	0	2	7	1	3499	-1349	31	43056	13	7	17	0	0	0	0	0	0	0	0	0	0	0	0	0	0	
718.047367	8	6	3	0	2	7	1	3479	-1349	31	43116	13	7	19	0	0	0	0	0	0	0	0	0	0	0	0	0	0	
719.048167	8	6	3	0	2	7	1	3458	-1350	31	43176	13	7	21	0	0	0	0	0	0	0	0	0	0	0	0	0	0	
720.051833	8	6	3	0	2	7	1	3439	-1351	31	43236	13	7	22	0	0	0	0	0	0	0	0	0	0	0	0	0	0	
721.052633	8	6	3	0	2	7	1	3419	-1348	31	43296	13	7	24	0	0	0	0	0	0	0	0	0	0	0	0	0	0	
722.053433	8	6	3	0	2	7	1	3399	-1349	31	43356	13	7	25	0	0	0	0	0	0	0	0	0	0	0	0	0	0	
723.054233	8	6	3	0	2	7	1	3377	-1348	31	43416	13	7	27	0	0	0	0	0	0	0	0	0	0	0	0	0	0	
724.055033	8	6	3	0	2	7	1	3353	-1349	31	43476	13	7	29	0	0	0	0	0	0	0	0	0	0	0	0	0	0	
725.058717	8	6	3	0	2	7	1	3325	-1350	31	43536	13	7	30	0	0	0	0	0	0	0	0	0	0	0	0	0	0	
726.059517	8	6	3	0	2	7	1	3290	-1349	31	43596	13	7	32	0	0	0	0	0	0	0	0	0	0	0	0	0	0	
727.060317	8	6	3	0	2	7	1	3244	-1349	31	43656	13	7	34	0	0	0	0	0	0	0	0	0	0	0	0	0	0	
728.061117	8	6	3	0	2	7	1	3181	-1349	31	43716	13	7	35	0	0	0	0	0	0	0	0	0	0	0	0	0	0	
729.047517	8	6	3	0	2	7	1	3089	-1351	31	43776	13	7	37	0	0	0	0	0	0	0	0	0	0	0	0	0	0	
730.055517	8	6	3	0	2	7	1	2935	-1351	31	43836	13	7	39	0	0	0	0	0	0	0	0	0	0	0	0	0	0	
731.016000	8	15	3	0	1	31	2	2785	15	31	43894	14	7	40	0	0	0	0	0	0	0	0	0	0	0	0	0	0	
731.036167	8	3	3	0	1	2	2	3343	669	31	43895	15	7	40	0	0	0	0	0	0	0	0	0	0	0	0	0	0	
731.057767	8	3	3	0	1	2	2	3463	674	31	43896	15	7	40	0	0	0	0	0	0	0	0	0	0	0	0	0	0	
732.061433	8	3	3	0	1	2	2	3840	675	31	43956	15	7	40	0	0	0	0	0	0	0	0	0	0	0	0	0	0	
733.062233	8	3	3	0	1	2	2	3890	674	31	44017	15	7	40	0	0	0	0	0	0	0	0	0	0	0	0	0	0	
734.047200	8	3	3	0	1	2	2	3922	675	31	44076	15	7	40	0	0	0	0	0	0	0	0	0	0	0	0	0	0	
735.048000	8	3	3	0	1	2	2	3945	674	31	44136	15	7	40	0	0	0	0	0	0	0	0	0	0	0	0	0	0	
736.048800	8	3	3	0	1	2	2	3962	675	31	44196	15	7	40	0	0	0	0	0	0	0	0	0	0	0	0	0	0	
737.049600	8	3	3	0	1	2	2	3976	675	31	44256	15	7	40	0	0	0	0	0	0	0	0	0	0	0	0	0	0	
738.050400	8	3	3	0	1	2	2	3987	675	31	44316	15	7	40	0	0	0	0	0	0	0	0	0	0	0	0	0	0	
739.054083	8	3	3	0	1	2	2	3998	675	31	44376	15	7	40	0	0	0	0	0	0	0	0	0	0	0	0	0	0	
740.054883	8	3	3	0	1	2	2	4007	675	31	44436	15	7	40	0	0	0	0	0	0	0	0	0	0	0	0	0	0	
741.058567	8	3	3	0	1	2	2	4016	674	31	44496	15	7	40	0	0	0	0	0	0	0	0	0	0	0	0	0	0	
742.063683	8	3	3	0	1	2	2	4024	674	31	44557	15	7	40	0	0	0	0	0	0	0	0	0	0	0	0	0	0	
743.050083	8	3	3	0	1	2	2	4032	674	31	44616	15	7	40	0	0	0	0	0	0	0	0	0	0	0	0	0	0	
744.050883	8	3	3	0	1	2	2	4041	675	31	44676	15	7	40	0	0	0	0	0	0	0	0	0	0	0	0	0	0	
745.054567	8	3	3	0	1	2	2	4048	675	31	44736	15	7	40	0	0	0	0	0	0	0	0	0	0	0	0	0	0	
746.055367	8	3	3	0	1	2	2	4056	674	31	44796	15	7	40	0	0	0	0	0	0	0	0	0	0	0	0	0	0	
747.057600	8	3	3	0	1	2	2	4064	675	31	44856	15	7	40	0	0	0	0	0	0	0	0	0	0	0	0	0	0	
748.061283	8	3	3	0	1	2	2	4071	675	31	44916	15	7	40	0	0	0	0	0	0	0	0	0	0	0	0	0	0	
749.062083	8	3	3	0	1	2	2	4079	676	31	44976	15	7	40	0	0	0	0	0	0	0	0	0	0	0	0	0	0	
750.062883	8	3	3	0	1	2	2	4087	675	31	45036	15	7	40	0	0	0	0	0	0	0	0	0	0	0	0	0	0	
751.063683	8	3	3	0	1	2	2	4094	675	31	45097	15	7	40	0	0	0	0	0	0	0	0	0	0	0	0	0	0	
752.048633	8	3	3	0	1	2	2	4102	674	31	45156	15	7	40	0	0	0	0	0	0	0	0	0	0	0	0	0	0	
753.049433	8	3	3	0	1	2	2	4109	674	31	45216	15	7	40	0	0	0	0	0	0	0	0	0	0	0	0	0	0	
754.050233	8	3	3	0	1	2	2	4116	675	31	45276	15	7	40	0	0	0	0	0	0	0	0	0	0	0	0	0	0	
755.052483	8	3	3	0	1	2	2	4123	666	31	45336	15	7	40	0	0	0	0	0	0	0	0	0	0	0	0	0	0	
756.059033	8	3	3	0	1	2	2	4131	664	31	45396	15	7	40	0	0	0	0	0	0	0	0	0	0	0	0	0	0	
757.062717	8	3	3	0	1	2	2	4138	663	31	45456	15	7	40	0	0	0	0	0	0	0	0	0	0	0	0	0	0	
758.063517	8	3	3	0	1	2	2	4146	661	31	45516	15	7	40	0	0	0	0	0	0	0	0	0	0	0	0	0	0	
759.064317	8	3	3	0	1	2	2	4154	660	31	45577	15	7	40	0	0	0	0	0	0	0	0	0	0	0	0	0	0	
760.049283	8	3	3	0	1	2	2	4162	658	31	45636	15	7	40	0	0	0	0	0	0	0	0	0	0	0	0	0	0	
761.050083	8	3	3	0	1	2	2	4170	657	31	45696	15	7	40	0	0	0	0	0	0	0	0	0	0	0	0	0	0	
762.050883	8	3	3	0	1	2	2	4178	654	31	45756	15	7	40	0	0	0	0	0	0	0	0	0	0	0	0	0	0	
763.053117	8	3	3	0	1	2	2	4186	654	31	45816	15	7	40	0	0	0	0	0	0	0	0	0	0	0	0	0	0	
764.056800	8	3	3	0	1	2	2	4195	652	31	45876	15	7	40	0	0	0	0	0	0	0	0	0	0	0	0	0	0	
765.057600	8	3	3	0	1	2	2	4198	619	31	45936	15	7	40	0	0	0	0	0	0	0	0	0	0	0	0	0	0	
766.058400	8	3	3	0	1	2	2	4198	579	31	45996	15	7	40	0	0	0	0	0	0	0	0	0	0	0	0	0	0	
767.062083	8	3	3	0	1	2	2	4198	543	31	46056	15	7	40	0	0	0	0	0	0	0	0	0	0	0	0	0	0	
768.062883	8	3	3	0	1	2	2	4198	513	31	46116	15	7	40	0	0	0	0	0	0	0	0	0	0	0	0	0	0	
769.050717	8	3	3	0	1	2	2	4198	483	31	46176	15	7	40	0	0	0	0	0	0	0	0	0	0	0	0	0	0	
770.055833	8	3	3	0	1	2	2	4198	456	31	46236	15	7	40	0	0	0	0	0	0	0	0	0	0	0	0	0	0	
771.056633	8	3	3	0	1	2	2	4198	430	31	46296	15	7	40	0	0	0	0	0	0	0	0	0	0	0	0	0	0	
772.057433	8	3	3	0	1	2	2	4198	407	31	46356	15	7	40	0	0	0	0	0	0	0	0	0	0	0	0	0	0	
773.058233	8	3	3	0	1	2	2	4198	386	31	46416	15	7	40	0	0	0	0	0	0	0	0	0	0	0	0	0	0	
774.059033	8	3	3	0	1	2	2	4199	365	31	46476	15	7	40	0	0	0	0	0	0	0	0	0	0	0	0	0	0	
775.062717	8	3	3	0	1	2	2	4198	346	31	46536	15	7	40	0	0	0	0	0	0	0	0	0	0	0	0	0	0	
776.063517	8	3	3	0	1	2	2	4198	329	31	46596	15	7	40	0	0	0	0	0	0	0	0	0	0	0	0	0	0	
777.064317	8	3	3	0	1	2	2	4198	312	31	46656	15	7	40	0	0	0	0	0	0	0	0	0	0	0	0	0	0	
778.065117	8	3	3	0	1	2	2	4199	296	31	46716	15	7	40	0	0	0	0	0	0	0	0	0	0	0	0	0	0	
779.067367	8	3	3	0	1	2	2	4199	285	31	46777	15	7	40	0	0	0	0	0	0	0	0	0	0	0	0	0	0	
780.056633	8	3	3	0	1	2	2	4198	266	31	46836	15	7	40	0	0	0	0	0	0	0	0	0	0	0	0	0	0	
781.060317	8	3	3	0	1	2	2	4198	254	31	46896	15	7	40	0	0	0	0	0	0	0	0	0	0	0	0	0	0	
782.065433	8	3	3	0	1	2	2	4199	245	31	46956	15	7	40	0	0	0	0	0	0	0	0	0	0	0	0	0	0	
783.051833	8	3	3	0	1	2	2	4198	230	31	47016	15	7	40	0	0	0	0	0	0	0	0	0	0	0	0	0	0	
784.052633	8	3	3	0	1	2	2	4199	219	31	47076	15	7	40	0	0	0	0	0	0	0	0	0	0	0	0	0	0	
785.053433	8	3	3	0	1	2	2	4198	209	31	47136	15	7	40	0	0	0	0	0	0	0	0	0	0	0	0	0	0	
786.052800	8	3	3	0	1	2	2	4199	199	31	47196	15	7	40	0	0	0	0	0	0	0	0	0	0	0	0	0	0	
787.057917	8	3	3	0	1	2	2	4198	188	31	47256	15	7	40	0	0	0	0	0	0	0	0	0	0	0	0	0	0	
788.058717	8	3	3	0	1	2	2	4198	181	31	47316	15	7	40	0	0	0	0	0	0	0	0	0	0	0	0	0	0	
789.059517	8	3	3	0	1	2	2	4199	172	31	47376	15	7	40	0	0	0	0	0	0	0	0	0	0	0	0	0	0	
790.058883	8	3	3	0	1	2	2	4198	163	31	47436	15	7	40	0	0	0	0	0	0	0	0	0	0	0	0	0	0	
791.059683	8	3	3	0	1	2	2	4198	155	31	47496	15	7	40	0	0	0	0	0	0	0	0	0	0	0	0	0	0	
792.064800	8	3	3	0	1	2	2	4198	149	31	47556	15	7	40	0	0	0	0	0	0	0	0	0	0	0	0	0	0	
793.064167	8	3	3	0	1	2	2	4198	140	31	47616	15	7	40	0	0	0	0	0	0	0	0	0	0	0	0	0	0	
794.064967	8	3	3	0	1	2	2	4198	135	31	47676	15	7	40	0	0	0	0	0	0	0	0	0	0	0	0	0	0	
795.067200	8	3	3	0	1	2	2	4199	132	31	47737	15	7	40	0	0	0	0	0	0	0	0	0	0	0	0	0	0	
796.053600	8	3	3	0	1	2	2	4199	127	31	47796	15	7	40	0	0	0	0	0	0	0	0	0	0	0	0	0	0	
797.052967	8	3	3	0	1	2	2	4198	117	31	47856	15	7	40	0	0	0	0	0	0	0	0	0	0	0	0	0	0	
798.053767	8	3	3	0	1	2	2	4199	113	31	47916	15	7	40	0	0	0	0	0	0	0	0	0	0	0	0	0	0	
799.058883	8	3	3	0	1	2	2	4198	108	31	47976	15	7	40	0	0	0	0	0	0	0	0	0	0	0	0	0	0	
800.059683	8	3	3	0	1	2	2	4199	104	31	48036	15	7	40	0	0	0	0	0	0	0	0	0	0	0	0	0	0	
801.059033	8	3	3	0	1	2	2	4198	99	31	48096	15	7	40	0	0	0	0	0	0	0	0	0	0	0	0	0	0	
802.059833	8	3	3	0	1	2	2	4199	94	31	48156	15	7	40	0	0	0	0	0	0	0	0	0	0	0	0	0	0	
803.060633	8	3	3	0	1	2	2	4198	90	31	48216	15	7	40	0	0	0	0	0	0	0	0	0	0	0	0	0	0	
804.065767	8	3	3	0	1	2	2	4198	86	31	48276	15	7	40	0	0	0	0	0	0	0	0	0	0	0	0	0	0	
805.066567	8	3	3	0	1	2	2	4198	83	31	48336	15	7	40	0	0	0	0	0	0	0	0	0	0	0	0	0	0	
806.067367	8	3	3	0	1	2	2	4198	79	31	48396	15	7	40	0	0	0	0	0	0	0	0	0	0	0	0	0	0	
807.066717	8	3	3	0	1	2	2	4198	76	31	48456	15	7	40	0	0	0	0	0	0	0	0	0	0	0	0	0	0	
808.067517	8	3	3	0	1	2	2	4199	74	31	48517	15	7	40	0	0	0	0	0	0	0	0	0	0	0	0	0	0	
809.055367	8	3	3	0	1	2	2	4199	72	31	48576	15	7	40	0	0	0	0	0	0	0	0	0	0	0	0	0	0	
810.060483	8	3	3	0	1	2	2	4198	66	31	48636	15	7	40	0	0	0	0	0	0	0	0	0	0	0	0	0	0	
810.237600	8	6	3	0	2	7	1	4122	-599	31	48647	15	8	0	0	0	0	0	0	0	0	0	0	0	0	0	0	0	
811.059833	8	6	3	0	2	7	1	3935	-1351	31	48696	15	8	1	0	0	0	0	0	0	0	0	0	0	0	0	0	0	
812.062083	8	6	3	0	2	7	1	3839	-1349	31	48756	15	8	2	0	0	0	0	0	0	0	0	0	0	0	0	0	0	
813.070083	8	6	3	0	2	7	1	3775	-1351	31	48817	15	8	4	0	0	0	0	0	0	0	0	0	0	0	0	0	0	
814.055033	8	6	3	0	2	7	1	3726	-1350	31	48876	15	8	6	0	0	0	0	0	0	0	0	0	0	0	0	0	0	
815.055833	8	6	3	0	2	7	1	3683	-1350	31	48936	15	8	7	0	0	0	0	0	0	0	0	0	0	0	0	0	0	
816.059517	8	6	3	0	2	7	1	3645	-1349	31	48996	15	8	9	0	0	0	0	0	0	0	0	0	0	0	0	0	0	
817.060317	8	6	3	0	2	7	1	3609	-1349	31	49056	15	8	11	0	0	0	0	0	0	0	0	0	0	0	0	0	0	
818.061117	8	6	3	0	2	7	1	3578	-1350	31	49116	15	8	12	0	0	0	0	0	0	0	0	0	0	0	0	0	0	
819.061917	8	6	3	0	2	7	1	3551	-1349	31	49176	15	8	14	0	0	0	0	0	0	0	0	0	0	0	0	0	0	
820.062717	8	6	3	0	2	7	1	3526	-1350	31	49236	15	8	16	0	0	0	0	0	0	0	0	0	0	0	0	0	0	
821.062083	8	6	3	0	2	7	1	3503	-1350	31	49296	15	8	17	0	0	0	0	0	0	0	0	0	0	0	0	0	0	
822.068633	8	6	3	0	2	7	1	3481	-1349	31	49357	15	8	19	0	0	0	0	0	0	0	0	0	0	0	0	0	0	
823.057917	8	6	3	0	2	7	1	3461	-1347	31	49416	15	8	21	0	0	0	0	0	0	0	0	0	0	0	0	0	0	
824.061600	8	6	3	0	2	7	1	3443	-1349	31	49476	15	8	22	0	0	0	0	0	0	0	0	0	0	0	0	0	0	
825.062400	8	6	3	0	2	7	1	3423	-1349	31	49536	15	8	24	0	0	0	0	0	0	0	0	0	0	0	0	0	0	
826.063200	8	6	3	0	2	7	1	3404	-1349	31	49596	15	8	26	0	0	0	0	0	0	0	0	0	0	0	0	0	0	
827.064000	8	6	3	0	2	7	1	3383	-1350	31	49656	15	8	27	0	0	0	0	0	0	0	0	0	0	0	0	0	0	
828.067683	8	6	3	0	2	7	1	3360	-1349	31	49716	15	8	29	0	0	0	0	0	0	0	0	0	0	0	0	0	0	
829.054083	8	6	3	0	2	7	1	3331	-1349	31	49776	15	8	31	0	0	0	0	0	0	0	0	0	0	0	0	0	0	
830.054883	8	6	3	0	2	7	1	3298	-1351	31	49836	15	8	32	0	0	0	0	0	0	0	0	0	0	0	0	0	0	
831.055683	8	6	3	0	2	7	1	3254	-1350	31	49896	15	8	34	0	0	0	0	0	0	0	0	0	0	0	0	0	0	
832.056483	8	6	3	0	2	7	1	3193	-1351	31	49956	15	8	36	0	0	0	0	0	0	0	0	0	0	0	0	0	0	
833.057283	8	6	3	0	2	7	1	3103	-1350	31	50016	15	8	37	0	0	0	0	0	0	0	0	0	0	0	0	0	0	
834.058083	8	6	3	0	2	7	1	2953	-1350	31	50076	15	8	39	0	0	0	0	0	0	0	0	0	0	0	0	0	0	
835.063200	8	6	3	0	2	7	1	2692	-1350	31	50136	15	8	41	0	0	0	0	0	0	0	0	0	0	0	0	0	0	
835.107833	8	15	3	0	1	31	2	3149	166	31	50139	17	8	41	0	0	0	0	0	0	0	0	0	0	0	0	0	0	
835.129433	8	3	3	0	1	2	2	3422	676	31	50140	17	8	41	0	0	0	0	0	0	0	0	0	0	0	0	0	0	
836.055367	8	3	3	0	1	2	2	3833	675	31	50196	17	8	41	0	0	0	0	0	0	0	0	0	0	0	0	0	0	
837.056167	8	3	3	0	1	2	2	3886	674	31	50256	17	8	41	0	0	0	0	0	0	0	0	0	0	0	0	0	0	
838.056967	8	3	3	0	1	2	2	3918	675	31	50316	17	8	41	0	0	0	0	0	0	0	0	0	0	0	0	0	0	
839.057767	8	3	3	0	1	2	2	3941	676	31	50376	17	8	41	0	0	0	0	0	0	0	0	0	0	0	0	0	0	
840.061433	8	3	3	0	1	2	2	3958	674	31	50436	17	8	41	0	0	0	0	0	0	0	0	0	0	0	0	0	0	
841.062233	8	3	3	0	1	2	2	3973	674	31	50496	17	8	41	0	0	0	0	0	0	0	0	0	0	0	0	0	0	
842.063033	8	3	3	0	1	2	2	3984	673	31	50556	17	8	41	0	0	0	0	0	0	0	0	0	0	0	0	0	0	
843.063833	8	3	3	0	1	2	2	3995	675	31	50616	17	8	41	0	0	0	0	0	0	0	0	0	0	0	0	0	0	
844.063200	8	3	3	0	1	2	2	4004	674	31	50676	17	8	41	0	0	0	0	0	0	0	0	0	0	0	0	0	0	
845.065433	8	3	3	0	1	2	2	4013	675	31	50736	17	8	41	0	0	0	0	0	0	0	0	0	0	0	0	0	0	
846.073433	8	3	3	0	1	2	2	4021	674	31	50797	17	8	41	0	0	0	0	0	0	0	0	0	0	0	0	0	0	
847.058400	8	3	3	0	1	2	2	4029	674	31	50856	17	8	41	0	0	0	0	0	0	0	0	0	0	0	0	0	0	
848.063517	8	3	3	0	1	2	2	4037	674	31	50916	17	8	41	0	0	0	0	0	0	0	0	0	0	0	0	0	0	
849.068633	8	3	3	0	1	2	2	4045	674	31	50976	17	8	41	0	0	0	0	0	0	0	0	0	0	0	0	0	0	
850.069433	8	3	3	0	1	2	2	4052	675	31	51036	17	8	41	0	0	0	0	0	0	0	0	0	0	0	0	0	0	
851.070233	8	3	3	0	1	2	2	4060	674	31	51096	17	8	41	0	0	0	0	0	0	0	0	0	0	0	0	0	0	
852.071033	8	3	3	0	1	2	2	4067	674	31	51157	17	8	41	0	0	0	0	0	0	0	0	0	0	0	0	0	0	
853.056000	8	3	3	0	1	2	2	4075	674	31	51216	17	8	41	0	0	0	0	0	0	0	0	0	0	0	0	0	0	
854.056800	8	3	3	0	1	2	2	4082	674	31	51276	17	8	41	0	0	0	0	0	0	0	0	0	0	0	0	0	0	
855.057600	8	3	3	0	1	2	2	4090	674	31	51336	17	8	41	0	0	0	0	0	0	0	0	0	0	0	0	0	0	
856.058400	8	3	3	0	1	2	2	4097	674	31	51396	17	8	41	0	0	0	0	0	0	0	0	0	0	0	0	0	0	
857.059200	8	3	3	0	1	2	2	4104	673	31	51456	17	8	41	0	0	0	0	0	0	0	0	0	0	0	0	0	0	
858.060000	8	3	3	0	1	2	2	4112	674	31	51516	17	8	41	0	0	0	0	0	0	0	0	0	0	0	0	0	0	
859.063683	8	3	3	0	1	2	2	4119	668	31	51576	17	8	41	0	0	0	0	0	0	0	0	0	0	0	0	0	0	
860.064483	8	3	3	0	1	2	2	4126	666	31	51636	17	8	41	0	0	0	0	0	0	0	0	0	0	0	0	0	0	
861.065283	8	3	3	0	1	2	2	4134	664	31	51696	17	8	41	0	0	0	0	0	0	0	0	0	0	0	0	0	0	
862.068967	8	3	3	0	1	2	2	4141	661	31	51756	17	8	41	0	0	0	0	0	0	0	0	0	0	0	0	0	0	
863.059683	8	3	3	0	1	2	2	4150	662	31	51816	17	8	41	0	0	0	0	0	0	0	0	0	0	0	0	0	0	
864.060483	8	3	3	0	1	2	2	4158	664	31	51876	17	8	41	0	0	0	0	0	0	0	0	0	0	0	0	0	0	
865.064167	8	3	3	0	1	2	2	4167	665	31	51936	17	8	41	0	0	0	0	0	0	0	0	0	0	0	0	0	0	
866.064967	8	3	3	0	1	2	2	4176	664	31	51996	17	8	41	0	0	0	0	0	0	0	0	0	0	0	0	0	0	
867.065767	8	3	3	0	1	2	2	4184	662	31	52056	17	8	41	0	0	0	0	0	0	0	0	0	0	0	0	0	0	
868.065117	8	3	3	0	1	2	2	4192	662	31	52116	17	8	41	0	0	0	0	0	0	0	0	0	0	0	0	0	0	
869.065917	8	3	3	0	1	2	2	4199	642	31	52176	17	8	41	0	0	0	0	0	0	0	0	0	0	0	0	0	0	
870.071033	8	3	3	0	1	2	2	4198	597	31	52236	17	8	41	0	0	0	0	0	0	0	0	0	0	0	0	0	0	
871.070400	8	3	3	0	1	2	2	4199	561	31	52296	17	8	41	0	0	0	0	0	0	0	0	0	0	0	0	0	0	
872.071200	8	3	3	0	1	2	2	4198	528	31	52356	17	8	41	0	0	0	0	0	0	0	0	0	0	0	0	0	0	
873.072000	8	3	3	0	1	2	2	4198	498	31	52416	17	8	41	0	0	0	0	0	0	0	0	0	0	0	0	0	0	
874.059833	8	3	3	0	1	2	2	4199	471	31	52476	17	8	41	0	0	0	0	0	0	0	0	0	0	0	0	0	0	
875.059200	8	3	3	0	1	2	2	4198	444	31	52536	17	8	41	0	0	0	0	0	0	0	0	0	0	0	0	0	0	
876.058567	8	3	3	0	1	2	2	4199	421	31	52596	17	8	41	0	0	0	0	0	0	0	0	0	0	0	0	0	0	
877.066567	8	3	3	0	1	2	2	4198	397	31	52656	17	8	41	0	0	0	0	0	0	0	0	0	0	0	0	0	0	
878.065917	8	3	3	0	1	2	2	4199	379	31	52716	17	8	41	0	0	0	0	0	0	0	0	0	0	0	0	0	0	
879.065283	8	3	3	0	1	2	2	4198	356	31	52776	17	8	41	0	0	0	0	0	0	0	0	0	0	0	0	0	0	
880.066083	8	3	3	0	1	2	2	4198	338	31	52836	17	8	41	0	0	0	0	0	0	0	0	0	0	0	0	0	0	
881.066883	8	3	3	0	1	2	2	4199	320	31	52896	17	8	41	0	0	0	0	0	0	0	0	0	0	0	0	0	0	
882.067683	8	3	3	0	1	2	2	4198	305	31	52956	17	8	41	0	0	0	0	0	0	0	0	0	0	0	0	0	0	
883.071367	8	3	3	0	1	2	2	4199	289	31	53016	17	8	41	0	0	0	0	0	0	0	0	0	0	0	0	0	0	
884.072167	8	3	3	0	1	2	2	4198	275	31	53076	17	8	41	0	0	0	0	0	0	0	0	0	0	0	0	0	0	
885.072967	8	3	3	0	1	2	2	4198	260	31	53136	17	8	41	0	0	0	0	0	0	0	0	0	0	0	0	0	0	
886.073767	8	3	3	0	1	2	2	4198	248	31	53196	17	8	41	0	0	0	0	0	0	0	0	0	0	0	0	0	0	
887.074567	8	3	3	0	1	2	2	4198	236	31	53257	17	8	41	0	0	0	0	0	0	0	0	0	0	0	0	0	0	
888.059517	8	3	3	0	1	2	2	4198	224	31	53316	17	8	41	0	0	0	0	0	0	0	0	0	0	0	0	0	0	
889.061767	8	3	3	0	1	2	2	4199	216	31	53376	17	8	41	0	0	0	0	0	0	0	0	0	0	0	0	0	0	
890.068317	8	3	3	0	1	2	2	4199	204	31	53436	17	8	41	0	0	0	0	0	0	0	0	0	0	0	0	0	0	
891.073433	8	3	3	0	1	2	2	4199	194	31	53496	17	8	41	0	0	0	0	0	0	0	0	0	0	0	0	0	0	
892.074233	8	3	3	0	1	2	2	4198	184	31	53556	17	8	41	0	0	0	0	0	0	0	0	0	0	0	0	0	0	
893.073600	8	3	3	0	1	2	2	4199	176	31	53617	17	8	41	0	0	0	0	0	0	0	0	0	0	0	0	0	0	
894.060000	8	3	3	0	1	2	2	4198	167	31	53676	17	8	41	0	0	0	0	0	0	0	0	0	0	0	0	0	0	
895.062233	8	3	3	0	1	2	2	4199	162	31	53736	17	8	41	0	0	0	0	0	0	0	0	0	0	0	0	0	0	
896.068800	8	3	3	0	1	2	2	4199	151	31	53796	17	8	41	0	0	0	0	0	0	0	0	0	0	0	0	0	0	
897.073917	8	3	3	0	1	2	2	4198	145	31	53856	17	8	41	0	0	0	0	0	0	0	0	0	0	0	0	0	0	
898.074717	8	3	3	0	1	2	2	4198	138	31	53916	17	8	41	0	0	0	0	0	0	0	0	0	0	0	0	0	0	
899.074083	8	3	3	0	1	2	2	4198	132	31	53977	17	8	41	0	0	0	0	0	0	0	0	0	0	0	0	0	0	
900.060483	8	3	3	0	1	2	2	4198	126	31	54036	17	8	41	0	0	0	0	0	0	0	0	0	0	0	0	0	0	
901.061283	8	3	3	0	1	2	2	4199	120	31	54096	17	8	41	0	0	0	0	0	0	0	0	0	0	0	0	0	0	
902.060633	8	3	3	0	1	2	2	4199	115	31	54156	17	8	41	0	0	0	0	0	0	0	0	0	0	0	0	0	0	
903.070083	8	3	3	0	1	2	2	4198	109	31	54216	17	8	41	0	0	0	0	0	0	0	0	0	0	0	0	0	0	
904.075200	8	3	3	0	1	2	2	4199	106	31	54276	17	8	41	0	0	0	0	0	0	0	0	0	0	0	0	0	0	
905.074567	8	3	3	0	1	2	2	4198	100	31	54337	17	8	41	0	0	0	0	0	0	0	0	0	0	0	0	0	0	
906.060967	8	3	3	0	1	2	2	4198	96	31	54396	17	8	41	0	0	0	0	0	0	0	0	0	0	0	0	0	0	
907.060317	8	3	3	0	1	2	2	4198	92	31	54456	17	8	41	0	0	0	0	0	0	0	0	0	0	0	0	0	0	
908.061117	8	3	3	0	1	2	2	4199	88	31	54516	17	8	41	0	0	0	0	0	0	0	0	0	0	0	0	0	0	
909.061917	8	3	3	0	1	2	2	4199	84	31	54576	17	8	41	0	0	0	0	0	0	0	0	0	0	0	0	0	0	
910.062717	8	3	3	0	1	2	2	4199	81	31	54636	17	8	41	0	0	0	0	0	0	0	0	0	0	0	0	0	0	
911.062083	8	3	3	0	1	2	2	4199	81	31	54696	17	8	41	0	0	0	0	0	0	0	0	0	0	0	0	0	0	
912.061433	8	3	3	0	1	2	2	4199	75	31	54756	17	8	41	0	0	0	0	0	0	0	0	0	0	0	0	0	0	
913.062233	8	3	3	0	1	2	2	4198	72	31	54816	17	8	41	0	0	0	0	0	0	0	0	0	0	0	0	0	0	
914.063033	8	3	3	0	1	2	2	4199	69	31	54876	17	8	41	0	0	0	0	0	0	0	0	0	0	0	0	0	0	
914.777283	8	6	3	0	2	7	1	4023	-1350	31	54919	17	9	0	0	0	0	0	0	0	0	0	0	0	0	0	0	0	
915.062400	8	6	3	0	2	7	1	3981	-1349	31	54936	17	9	0	0	0	0	0	0	0	0	0	0	0	0	0	0	0	
916.064633	8	6	3	0	2	7	1	3890	-1350	31	54996	17	9	2	0	0	0	0	0	0	0	0	0	0	0	0	0	0	
917.068317	8	6	3	0	2	7	1	3807	-1349	31	55056	17	9	3	0	0	0	0	0	0	0	0	0	0	0	0	0	0	
918.069117	8	6	3	0	2	7	1	3754	-1350	31	55116	17	9	5	0	0	0	0	0	0	0	0	0	0	0	0	0	0	
919.069917	8	6	3	0	2	7	1	3707	-1349	31	55176	17	9	7	0	0	0	0	0	0	0	0	0	0	0	0	0	0	
920.070717	8	6	3	0	2	7	1	3666	-1349	31	55236	17	9	8	0	0	0	0	0	0	0	0	0	0	0	0	0	0	
921.070083	8	6	3	0	2	7	1	3628	-1349	31	55296	17	9	10	0	0	0	0	0	0	0	0	0	0	0	0	0	0	
922.075200	8	6	3	0	2	7	1	3594	-1351	31	55356	17	9	11	0	0	0	0	0	0	0	0	0	0	0	0	0	0	
923.074567	8	6	3	0	2	7	1	3563	-1349	31	55416	17	9	13	0	0	0	0	0	0	0	0	0	0	0	0	0	0	
924.075367	8	6	3	0	2	7	1	3536	-1350	31	55476	17	9	15	0	0	0	0	0	0	0	0	0	0	0	0	0	0	
925.076167	8	6	3	0	2	7	1	3513	-1351	31	55536	17	9	16	0	0	0	0	0	0	0	0	0	0	0	0	0	0	
926.076967	8	6	3	0	2	7	1	3490	-1350	31	55597	17	9	18	0	0	0	0	0	0	0	0	0	0	0	0	0	0	
927.063367	8	6	3	0	2	7	1	3470	-1348	31	55656	17	9	20	0	0	0	0	0	0	0	0	0	0	0	0	0	0	
928.068483	8	6	3	0	2	7	1	3451	-1349	31	55716	17	9	21	0	0	0	0	0	0	0	0	0	0	0	0	0	0	
929.073600	8	6	3	0	2	7	1	3430	-1349	31	55776	17	9	23	0	0	0	0	0	0	0	0	0	0	0	0	0	0	
930.078717	8	6	3	0	2	7	1	3411	-1349	31	55837	17	9	25	0	0	0	0	0	0	0	0	0	0	0	0	0	0	
931.063683	8	6	3	0	2	7	1	3391	-1350	31	55896	17	9	26	0	0	0	0	0	0	0	0	0	0	0	0	0	0	
932.064483	8	6	3	0	2	7	1	3368	-1350	31	55956	17	9	28	0	0	0	0	0	0	0	0	0	0	0	0	0	0	
933.065283	8	6	3	0	2	7	1	3342	-1349	31	56016	17	9	30	0	0	0	0	0	0	0	0	0	0	0	0	0	0	
934.068967	8	6	3	0	2	7	1	3310	-1350	31	56076	17	9	31	0	0	0	0	0	0	0	0	0	0	0	0	0	0	
935.069767	8	6	3	0	2	7	1	3271	-1350	31	56136	17	9	33	0	0	0	0	0	0	0	0	0	0	0	0	0	0	
936.070567	8	6	3	0	2	7	1	3218	-1350	31	56196	17	9	35	0	0	0	0	0	0	0	0	0	0	0	0	0	0	
937.071367	8	6	3	0	2	7	1	3140	-1350	31	56256	17	9	36	0	0	0	0	0	0	0	0	0	0	0	0	0	0	
938.072167	8	6	3	0	2	7	1	3016	-1350	31	56316	17	9	38	0	0	0	0	0	0	0	0	0	0	0	0	0	0	
939.075833	8	6	3	0	2	7	1	2794	-1348	31	56376	17	9	40	0	0	0	0	0	0	0	0	0	0	0	0	0	0	
939.447367	8	15	3	0	1	31	2	2854	26	31	56399	18	9	40	0	0	0	0	0	0	0	0	0	0	0	0	0	0	
939.467517	8	3	3	0	1	2	2	3367	676	31	56400	19	9	40	0	0	0	0	0	0	0	0	0	0	0	0	0	0	
940.063683	8	3	3	0	1	2	2	3800	674	31	56436	19	9	40	0	0	0	0	0	0	0	0	0	0	0	0	0	0	
941.064483	8	3	3	0	1	2	2	3875	673	31	56496	19	9	40	0	0	0	0	0	0	0	0	0	0	0	0	0	0	
942.065283	8	3	3	0	1	2	2	3912	674	31	56556	19	9	40	0	0	0	0	0	0	0	0	0	0	0	0	0	0	
943.074717	8	3	3	0	1	2	2	3938	675	31	56616	19	9	40	0	0	0	0	0	0	0	0	0	0	0	0	0	0	
944.076967	8	3	3	0	1	2	2	3956	675	31	56676	19	9	40	0	0	0	0	0	0	0	0	0	0	0	0	0	0	
945.066233	8	3	3	0	1	2	2	3971	675	31	56736	19	9	40	0	0	0	0	0	0	0	0	0	0	0	0	0	0	
946.069917	8	3	3	0	1	2	2	3983	673	31	56796	19	9	40	0	0	0	0	0	0	0	0	0	0	0	0	0	0	
947.070717	8	3	3	0	1	2	2	3994	674	31	56856	19	9	40	0	0	0	0	0	0	0	0	0	0	0	0	0	0	
948.071517	8	3	3	0	1	2	2	4003	675	31	56916	19	9	40	0	0	0	0	0	0	0	0	0	0	0	0	0	0	
949.072317	8	3	3	0	1	2	2	4012	674	31	56976	19	9	40	0	0	0	0	0	0	0	0	0	0	0	0	0	0	
950.071683	8	3	3	0	1	2	2	4020	674	31	57036	19	9	40	0	0	0	0	0	0	0	0	0	0	0	0	0	0	
951.072483	8	3	3	0	1	2	2	4029	675	31	57096	19	9	40	0	0	0	0	0	0	0	0	0	0	0	0	0	0	
952.077600	8	3	3	0	1	2	2	4037	675	31	57156	19	9	40	0	0	0	0	0	0	0	0	0	0	0	0	0	0	
953.078400	8	3	3	0	1	2	2	4045	674	31	57216	19	9	40	0	0	0	0	0	0	0	0	0	0	0	0	0	0	
954.079200	8	3	3	0	1	2	2	4052	674	31	57276	19	9	40	0	0	0	0	0	0	0	0	0	0	0	0	0	0	
955.078567	8	3	3	0	1	2	2	4060	674	31	57337	19	9	40	0	0	0	0	0	0	0	0	0	0	0	0	0	0	
956.064967	8	3	3	0	1	2	2	4067	674	31	57396	19	9	40	0	0	0	0	0	0	0	0	0	0	0	0	0	0	
957.071517	8	3	3	0	1	2	2	4075	674	31	57456	19	9	40	0	0	0	0	0	0	0	0	0	0	0	0	0	0	
958.072317	8	3	3	0	1	2	2	4083	675	31	57516	19	9	40	0	0	0	0	0	0	0	0	0	0	0	0	0	0	
959.073117	8	3	3	0	1	2	2	4090	675	31	57576	19	9	40	0	0	0	0	0	0	0	0	0	0	0	0	0	0	
960.071033	8	3	3	0	1	2	2	4097	675	31	57636	19	9	40	0	0	0	0	0	0	0	0	0	0	0	0	0	0	
961.071833	8	3	3	0	1	2	2	4105	675	31	57696	19	9	40	0	0	0	0	0	0	0	0	0	0	0	0	0	0	
962.072633	8	3	3	0	1	2	2	4112	674	31	57756	19	9	40	0	0	0	0	0	0	0	0	0	0	0	0	0	0	
963.073433	8	3	3	0	1	2	2	4119	668	31	57816	19	9	40	0	0	0	0	0	0	0	0	0	0	0	0	0	0	
964.074233	8	3	3	0	1	2	2	4127	668	31	57876	19	9	40	0	0	0	0	0	0	0	0	0	0	0	0	0	0	
965.077917	8	3	3	0	1	2	2	4135	665	31	57936	19	9	40	0	0	0	0	0	0	0	0	0	0	0	0	0	0	
966.078717	8	3	3	0	1	2	2	4142	664	31	57996	19	9	40	0	0	0	0	0	0	0	0	0	0	0	0	0	0	
967.079517	8	3	3	0	1	2	2	4150	662	31	58056	19	9	40	0	0	0	0	0	0	0	0	0	0	0	0	0	0	
968.080317	8	3	3	0	1	2	2	4158	661	31	58117	19	9	40	0	0	0	0	0	0	0	0	0	0	0	0	0	0	
969.065283	8	3	3	0	1	2	2	4166	658	31	58176	19	9	40	0	0	0	0	0	0	0	0	0	0	0	0	0	0	
970.073283	8	3	3	0	1	2	2	4174	657	31	58236	19	9	40	0	0	0	0	0	0	0	0	0	0	0	0	0	0	
971.074083	8	3	3	0	1	2	2	4183	654	31	58296	19	9	40	0	0	0	0	0	0	0	0	0	0	0	0	0	0	
972.073433	8	3	3	0	1	2	2	4191	653	31	58356	19	9	40	0	0	0	0	0	0	0	0	0	0	0	0	0	0	
973.074233	8	3	3	0	1	2	2	4198	644	31	58416	19	9	40	0	0	0	0	0	0	0	0	0	0	0	0	0	0	
974.077917	8	3	3	0	1	2	2	4199	597	31	58476	19	9	40	0	0	0	0	0	0	0	0	0	0	0	0	0	0	
975.078717	8	3	3	0	1	2	2	4198	561	31	58536	19	9	40	0	0	0	0	0	0	0	0	0	0	0	0	0	0	
976.079517	8	3	3	0	1	2	2	4198	527	31	58596	19	9	40	0	0	0	0	0	0	0	0	0	0	0	0	0	0	
977.067367	8	3	3	0	1	2	2	4199	499	31	58656	19	9	40	0	0	0	0	0	0	0	0	0	0	0	0	0	0	
978.075367	8	3	3	0	1	2	2	4199	469	31	58716	19	9	40	0	0	0	0	0	0	0	0	0	0	0	0	0	0	
979.074717	8	3	3	0	1	2	2	4198	443	31	58776	19	9	40	0	0	0	0	0	0	0	0	0	0	0	0	0	0	
980.079833	8	3	3	0	1	2	2	4198	418	31	58836	19	9	40	0	0	0	0	0	0	0	0	0	0	0	0	0	0	
981.080633	8	3	3	0	1	2	2	4198	395	31	58896	19	9	40	0	0	0	0	0	0	0	0	0	0	0	0	0	0	
982.080000	8	3	3	0	1	2	2	4199	374	31	58956	19	9	40	0	0	0	0	0	0	0	0	0	0	0	0	0	0	
983.082233	8	3	3	0	1	2	2	4199	357	31	59017	19	9	40	0	0	0	0	0	0	0	0	0	0	0	0	0	0	
984.070083	8	3	3	0	1	2	2	4198	336	31	59076	19	9	40	0	0	0	0	0	0	0	0	0	0	0	0	0	0	
985.073767	8	3	3	0	1	2	2	4198	319	31	59136	19	9	40	0	0	0	0	0	0	0	0	0	0	0	0	0	0	
986.074567	8	3	3	0	1	2	2	4199	303	31	59196	19	9	40	0	0	0	0	0	0	0	0	0	0	0	0	0	0	
987.075367	8	3	3	0	1	2	2	4199	288	31	59256	19	9	40	0	0	0	0	0	0	0	0	0	0	0	0	0	0	
988.079033	8	3	3	0	1	2	2	4198	273	31	59316	19	9	40	0	0	0	0	0	0	0	0	0	0	0	0	0	0	
989.079833	8	3	3	0	1	2	2	4198	260	31	59376	19	9	40	0	0	0	0	0	0	0	0	0	0	0	0	0	0	
990.080633	8	3	3	0	1	2	2	4198	247	31	59436	19	9	40	0	0	0	0	0	0	0	0	0	0	0	0	0	0	
991.081433	8	3	3	0	1	2	2	4198	235	31	59496	19	9	40	0	0	0	0	0	0	0	0	0	0	0	0	0	0	
992.082233	8	3	3	0	1	2	2	4199	224	31	59556	19	9	40	0	0	0	0	0	0	0	0	0	0	0	0	0	0	
993.084483	8	3	3	0	1	2	2	4199	216	31	59617	19	9	40	0	0	0	0	0	0	0	0	0	0	0	0	0	0	
994.069433	8	3	3	0	1	2	2	4198	200	31	59676	19	9	40	0	0	0	0	0	0	0	0	0	0	0	0	0	0	
995.070233	8	3	3	0	1	2	2	4199	192	31	59736	19	9	40	0	0	0	0	0	0	0	0	0	0	0	0	0	0	
996.075367	8	3	3	0	1	2	2	4199	187	31	59796	19	9	40	0	0	0	0	0	0	0	0	0	0	0	0	0	0	
997.074717	8	3	3	0	1	2	2	4198	173	31	59856	19	9	40	0	0	0	0	0	0	0	0	0	0	0	0	0	0	
998.075517	8	3	3	0	1	2	2	4198	166	31	59916	19	9	40	0	0	0	0	0	0	0	0	0	0	0	0	0	0	
999.076317	8	3	3	0	1	2	2	4199	159	31	59976	19	9	40	0	0	0	0	0	0	0	0	0	0	0	0	0	0	
1000.077117	8	3	3	0	1	2	2	4198	151	31	60036	19	9	40	0	0	0	0	0	0	0	0	0	0	0	0	0	0	
1001.080800	8	3	3	0	1	2	2	4199	143	31	60096	19	9	40	0	0	0	0	0	0	0	0	0	0	0	0	0	0	
1002.081600	8	3	3	0	1	2	2	4198	137	31	60156	19	9	40	0	0	0	0	0	0	0	0	0	0	0	0	0	0	
1003.082400	8	3	3	0	1	2	2	4199	131	31	60216	19	9	40	0	0	0	0	0	0	0	0	0	0	0	0	0	0	
1004.083200	8	3	3	0	1	2	2	4199	125	31	60276	19	9	40	0	0	0	0	0	0	0	0	0	0	0	0	0	0	
1005.084000	8	3	3	0	1	2	2	4199	120	31	60337	19	9	40	0	0	0	0	0	0	0	0	0	0	0	0	0	0	
1006.068967	8	3	3	0	1	2	2	4198	113	31	60396	19	9	40	0	0	0	0	0	0	0	0	0	0	0	0	0	0	
1007.069767	8	3	3	0	1	2	2	4198	110	31	60456	19	9	40	0	0	0	0	0	0	0	0	0	0	0	0	0	0	
1008.070567	8	3	3	0	1	2	2	4198	104	31	60516	19	9	40	0	0	0	0	0	0	0	0	0	0	0	0	0	0	
1009.069917	8	3	3	0	1	2	2	4198	99	31	60576	19	9	40	0	0	0	0	0	0	0	0	0	0	0	0	0	0	
1010.077917	8	3	3	0	1	2	2	4199	99	31	60636	19	9	40	0	0	0	0	0	0	0	0	0	0	0	0	0	0	
1011.068633	8	3	3	0	1	2	2	4199	91	31	60696	19	9	40	0	0	0	0	0	0	0	0	0	0	0	0	0	0	
1012.069433	8	3	3	0	1	2	2	4198	86	31	60756	19	9	40	0	0	0	0	0	0	0	0	0	0	0	0	0	0	
1013.070233	8	3	3	0	1	2	2	4198	84	31	60816	19	9	40	0	0	0	0	0	0	0	0	0	0	0	0	0	0	
1014.071033	8	3	3	0	1	2	2	4199	80	31	60876	19	9	40	0	0	0	0	0	0	0	0	0	0	0	0	0	0	
1015.071833	8	3	3	0	1	2	2	4198	77	31	60936	19	9	40	0	0	0	0	0	0	0	0	0	0	0	0	0	0	
1016.075517	8	3	3	0	1	2	2	4198	74	31	60996	19	9	40	0	0	0	0	0	0	0	0	0	0	0	0	0	0	
1017.076317	8	3	3	0	1	2	2	4199	70	31	61056	19	9	40	0	0	0	0	0	0	0	0	0	0	0	0	0	0	
1018.077117	8	3	3	0	1	2	2	4198	68	31	61116	19	9	40	0	0	0	0	0	0	0	0	0	0	0	0	0	0	
1018.618567	8	6	3	0	2	7	1	4020	-1350	31	61149	19	10	0	0	0	0	0	0	0	0	0	0	0	0	0	0	0	
1019.079367	8	6	3	0	2	7	1	3965	-1349	31	61176	19	10	0	0	0	0	0	0	0	0	0	0	0	0	0	0	0	
1020.083033	8	6	3	0	2	7	1	3873	-1351	31	61236	19	10	2	0	0	0	0	0	0	0	0	0	0	0	0	0	0	
1021.083833	8	6	3	0	2	7	1	3797	-1350	31	61296	19	10	4	0	0	0	0	0	0	0	0	0	0	0	0	0	0	
1022.084633	8	6	3	0	2	7	1	3745	-1349	31	61357	19	10	5	0	0	0	0	0	0	0	0	0	0	0	0	0	0	
1023.072483	8	6	3	0	2	7	1	3700	-1349	31	61416	19	10	7	0	0	0	0	0	0	0	0	0	0	0	0	0	0	
1024.077600	8	6	3	0	2	7	1	3661	-1350	31	61476	19	10	9	0	0	0	0	0	0	0	0	0	0	0	0	0	0	
1025.078400	8	6	3	0	2	7	1	3624	-1351	31	61536	19	10	10	0	0	0	0	0	0	0	0	0	0	0	0	0	0	
1026.083517	8	6	3	0	2	7	1	3591	-1349	31	61596	19	10	12	0	0	0	0	0	0	0	0	0	0	0	0	0	0	
1027.072800	8	6	3	0	2	7	1	3562	-1348	31	61656	19	10	13	0	0	0	0	0	0	0	0	0	0	0	0	0	0	
1028.076483	8	6	3	0	2	7	1	3536	-1351	31	61716	19	10	15	0	0	0	0	0	0	0	0	0	0	0	0	0	0	
1029.077283	8	6	3	0	2	7	1	3512	-1348	31	61776	19	10	17	0	0	0	0	0	0	0	0	0	0	0	0	0	0	
1030.078083	8	6	3	0	2	7	1	3489	-1349	31	61836	19	10	18	0	0	0	0	0	0	0	0	0	0	0	0	0	0	
1031.078883	8	6	3	0	2	7	1	3468	-1349	31	61896	19	10	20	0	0	0	0	0	0	0	0	0	0	0	0	0	0	
1032.082567	8	6	3	0	2	7	1	3448	-1350	31	61956	19	10	22	0	0	0	0	0	0	0	0	0	0	0	0	0	0	
1033.083367	8	6	3	0	2	7	1	3429	-1350	31	62016	19	10	23	0	0	0	0	0	0	0	0	0	0	0	0	0	0	
1034.084167	8	6	3	0	2	7	1	3410	-1350	31	62076	19	10	25	0	0	0	0	0	0	0	0	0	0	0	0	0	0	
1035.084967	8	6	3	0	2	7	1	3389	-1350	31	62136	19	10	27	0	0	0	0	0	0	0	0	0	0	0	0	0	0	
1036.087200	8	6	3	0	2	7	1	3366	-1350	31	62197	19	10	28	0	0	0	0	0	0	0	0	0	0	0	0	0	0	
1037.072167	8	6	3	0	2	7	1	3342	-1349	31	62256	19	10	30	0	0	0	0	0	0	0	0	0	0	0	0	0	0	
1038.072967	8	6	3	0	2	7	1	3310	-1349	31	62316	19	10	32	0	0	0	0	0	0	0	0	0	0	0	0	0	0	
1039.076633	8	6	3	0	2	7	1	3269	-1351	31	62376	19	10	33	0	0	0	0	0	0	0	0	0	0	0	0	0	0	
1040.077433	8	6	3	0	2	7	1	3215	-1352	31	62436	19	10	35	0	0	0	0	0	0	0	0	0	0	0	0	0	0	
1041.078233	8	6	3	0	2	7	1	3134	-1349	31	62496	19	10	37	0	0	0	0	0	0	0	0	0	0	0	0	0	0	
1042.080483	8	6	3	0	2	7	1	3004	-1348	31	62556	19	10	38	0	0	0	0	0	0	0	0	0	0	0	0	0	0	
1043.085600	8	6	3	0	2	7	1	2772	-1349	31	62616	19	10	40	0	0	0	0	0	0	0	0	0	0	0	0	0	0	
1043.396633	8	15	3	0	1	31	2	3284	524	31	62635	21	10	40	0	0	0	0	0	0	0	0	0	0	0	0	0	0	
1043.418233	8	3	3	0	1	2	2	3459	675	31	62636	21	10	40	0	0	0	0	0	0	0	0	0	0	0	0	0	0	
1044.073433	8	3	3	0	1	2	2	3810	674	31	62676	21	10	40	0	0	0	0	0	0	0	0	0	0	0	0	0	0	
1045.078567	8	3	3	0	1	2	2	3878	675	31	62736	21	10	40	0	0	0	0	0	0	0	0	0	0	0	0	0	0	
1046.079367	8	3	3	0	1	2	2	3914	675	31	62796	21	10	40	0	0	0	0	0	0	0	0	0	0	0	0	0	0	
1047.078717	8	3	3	0	1	2	2	3939	675	31	62856	21	10	40	0	0	0	0	0	0	0	0	0	0	0	0	0	0	
1048.080967	8	3	3	0	1	2	2	3958	674	31	62916	21	10	40	0	0	0	0	0	0	0	0	0	0	0	0	0	0	
1049.086083	8	3	3	0	1	2	2	3972	675	31	62976	21	10	40	0	0	0	0	0	0	0	0	0	0	0	0	0	0	
1050.075367	8	3	3	0	1	2	2	3984	673	31	63036	21	10	40	0	0	0	0	0	0	0	0	0	0	0	0	0	0	
1051.079033	8	3	3	0	1	2	2	3994	674	31	63096	21	10	40	0	0	0	0	0	0	0	0	0	0	0	0	0	0	
1052.079833	8	3	3	0	1	2	2	4003	674	31	63156	21	10	40	0	0	0	0	0	0	0	0	0	0	0	0	0	0	
1053.080633	8	3	3	0	1	2	2	4013	674	31	63216	21	10	40	0	0	0	0	0	0	0	0	0	0	0	0	0	0	
1054.081433	8	3	3	0	1	2	2	4021	674	31	63276	21	10	40	0	0	0	0	0	0	0	0	0	0	0	0	0	0	
1055.085117	8	3	3	0	1	2	2	4029	674	31	63336	21	10	40	0	0	0	0	0	0	0	0	0	0	0	0	0	0	
1056.085917	8	3	3	0	1	2	2	4037	674	31	63396	21	10	40	0	0	0	0	0	0	0	0	0	0	0	0	0	0	
1057.086717	8	3	3	0	1	2	2	4045	674	31	63456	21	10	40	0	0	0	0	0	0	0	0	0	0	0	0	0	0	
1058.073117	8	3	3	0	1	2	2	4052	673	31	63516	21	10	40	0	0	0	0	0	0	0	0	0	0	0	0	0	0	
1059.081117	8	3	3	0	1	2	2	4060	675	31	63576	21	10	40	0	0	0	0	0	0	0	0	0	0	0	0	0	0	
1060.081917	8	3	3	0	1	2	2	4068	674	31	63636	21	10	40	0	0	0	0	0	0	0	0	0	0	0	0	0	0	
1061.085600	8	3	3	0	1	2	2	4075	674	31	63696	21	10	40	0	0	0	0	0	0	0	0	0	0	0	0	0	0	
1062.087833	8	3	3	0	1	2	2	4083	675	31	63757	21	10	40	0	0	0	0	0	0	0	0	0	0	0	0	0	0	
1063.072800	8	3	3	0	1	2	2	4090	674	31	63816	21	10	40	0	0	0	0	0	0	0	0	0	0	0	0	0	0	
1064.073600	8	3	3	0	1	2	2	4097	674	31	63876	21	10	40	0	0	0	0	0	0	0	0	0	0	0	0	0	0	
1065.074400	8	3	3	0	1	2	2	4105	674	31	63936	21	10	40	0	0	0	0	0	0	0	0	0	0	0	0	0	0	
1066.075200	8	3	3	0	1	2	2	4113	675	31	63996	21	10	40	0	0	0	0	0	0	0	0	0	0	0	0	0	0	
1067.076000	8	3	3	0	1	2	2	4119	666	31	64056	21	10	40	0	0	0	0	0	0	0	0	0	0	0	0	0	0	
1068.079683	8	3	3	0	1	2	2	4127	664	31	64116	21	10	40	0	0	0	0	0	0	0	0	0	0	0	0	0	0	
1069.080483	8	3	3	0	1	2	2	4134	663	31	64176	21	10	40	0	0	0	0	0	0	0	0	0	0	0	0	0	0	
1070.081283	8	3	3	0	1	2	2	4142	661	31	64236	21	10	40	0	0	0	0	0	0	0	0	0	0	0	0	0	0	
1071.082083	8	3	3	0	1	2	2	4150	659	31	64296	21	10	40	0	0	0	0	0	0	0	0	0	0	0	0	0	0	
1072.082883	8	3	3	0	1	2	2	4158	658	31	64356	21	10	40	0	0	0	0	0	0	0	0	0	0	0	0	0	0	
1073.088000	8	3	3	0	1	2	2	4166	655	31	64417	21	10	40	0	0	0	0	0	0	0	0	0	0	0	0	0	0	
1074.077283	8	3	3	0	1	2	2	4174	652	31	64476	21	10	40	0	0	0	0	0	0	0	0	0	0	0	0	0	0	
1075.082400	8	3	3	0	1	2	2	4183	656	31	64536	21	10	40	0	0	0	0	0	0	0	0	0	0	0	0	0	0	
1076.087517	8	3	3	0	1	2	2	4191	656	31	64596	21	10	40	0	0	0	0	0	0	0	0	0	0	0	0	0	0	
1077.088317	8	3	3	0	1	2	2	4198	643	31	64656	21	10	40	0	0	0	0	0	0	0	0	0	0	0	0	0	0	
1078.087683	8	3	3	0	1	2	2	4199	598	31	64716	21	10	40	0	0	0	0	0	0	0	0	0	0	0	0	0	0	
1079.088483	8	3	3	0	1	2	2	4198	560	31	64777	21	10	40	0	0	0	0	0	0	0	0	0	0	0	0	0	0	
1080.074883	8	3	3	0	1	2	2	4198	528	31	64836	21	10	40	0	0	0	0	0	0	0	0	0	0	0	0	0	0	
1081.074233	8	3	3	0	1	2	2	4199	497	31	64896	21	10	40	0	0	0	0	0	0	0	0	0	0	0	0	0	0	
1082.075033	8	3	3	0	1	2	2	4198	469	31	64956	21	10	40	0	0	0	0	0	0	0	0	0	0	0	0	0	0	
1083.075833	8	3	3	0	1	2	2	4199	443	31	65016	21	10	40	0	0	0	0	0	0	0	0	0	0	0	0	0	0	
1084.076633	8	3	3	0	1	2	2	4198	419	31	65076	21	10	40	0	0	0	0	0	0	0	0	0	0	0	0	0	0	
1085.077433	8	3	3	0	1	2	2	4198	396	31	65136	21	10	40	0	0	0	0	0	0	0	0	0	0	0	0	0	0	
1086.081117	8	3	3	0	1	2	2	4198	375	31	65196	21	10	40	0	0	0	0	0	0	0	0	0	0	0	0	0	0	
1087.081917	8	3	3	0	1	2	2	4199	355	31	65256	21	10	40	0	0	0	0	0	0	0	0	0	0	0	0	0	0	
1088.091367	8	3	3	0	1	2	2	4199	336	31	65317	21	10	40	0	0	0	0	0	0	0	0	0	0	0	0	0	0	
1089.077767	8	3	3	0	1	2	2	4199	323	31	65376	21	10	40	0	0	0	0	0	0	0	0	0	0	0	0	0	0	
1090.081433	8	3	3	0	1	2	2	4198	304	31	65436	21	10	40	0	0	0	0	0	0	0	0	0	0	0	0	0	0	
1091.082233	8	3	3	0	1	2	2	4199	289	31	65496	21	10	40	0	0	0	0	0	0	0	0	0	0	0	0	0	0	
1092.083033	8	3	3	0	1	2	2	4198	274	31	65556	21	10	40	0	0	0	0	0	0	0	0	0	0	0	0	0	0	
1093.083833	8	3	3	0	1	2	2	4198	261	31	65616	21	10	40	0	0	0	0	0	0	0	0	0	0	0	0	0	0	
1094.088967	8	3	3	0	1	2	2	4199	248	31	65676	21	10	40	0	0	0	0	0	0	0	0	0	0	0	0	0	0	
1095.088317	8	3	3	0	1	2	2	4199	236	31	65736	21	10	40	0	0	0	0	0	0	0	0	0	0	0	0	0	0	
1096.089117	8	3	3	0	1	2	2	4199	225	31	65796	21	10	40	0	0	0	0	0	0	0	0	0	0	0	0	0	0	
1097.089917	8	3	3	0	1	2	2	4198	213	31	65856	21	10	40	0	0	0	0	0	0	0	0	0	0	0	0	0	0	
1098.090717	8	3	3	0	1	2	2	4198	204	31	65917	21	10	40	0	0	0	0	0	0	0	0	0	0	0	0	0	0	
1099.075683	8	3	3	0	1	2	2	4198	194	31	65976	21	10	40	0	0	0	0	0	0	0	0	0	0	0	0	0	0	
1100.077917	8	3	3	0	1	2	2	4198	187	31	66036	21	10	40	0	0	0	0	0	0	0	0	0	0	0	0	0	0	
1101.085917	8	3	3	0	1	2	2	4199	175	31	66096	21	10	40	0	0	0	0	0	0	0	0	0	0	0	0	0	0	
1102.091033	8	3	3	0	1	2	2	4199	168	31	66157	21	10	40	0	0	0	0	0	0	0	0	0	0	0	0	0	0	
1103.077433	8	3	3	0	1	2	2	4199	162	31	66216	21	10	40	0	0	0	0	0	0	0	0	0	0	0	0	0	0	
1104.079683	8	3	3	0	1	2	2	4199	158	31	66276	21	10	40	0	0	0	0	0	0	0	0	0	0	0	0	0	0	
1105.084800	8	3	3	0	1	2	2	4198	144	31	66336	21	10	40	0	0	0	0	0	0	0	0	0	0	0	0	0	0	
1106.089917	8	3	3	0	1	2	2	4199	138	31	66396	21	10	40	0	0	0	0	0	0	0	0	0	0	0	0	0	0	
1107.090717	8	3	3	0	1	2	2	4199	132	31	66456	21	10	40	0	0	0	0	0	0	0	0	0	0	0	0	0	0	
1108.091517	8	3	3	0	1	2	2	4199	126	31	66516	21	10	40	0	0	0	0	0	0	0	0	0	0	0	0	0	0	
1109.092317	8	3	3	0	1	2	2	4198	121	31	66577	21	10	40	0	0	0	0	0	0	0	0	0	0	0	0	0	0	
1110.077283	8	3	3	0	1	2	2	4198	115	31	66636	21	10	40	0	0	0	0	0	0	0	0	0	0	0	0	0	0	
1111.076633	8	3	3	0	1	2	2	4199	109	31	66696	21	10	40	0	0	0	0	0	0	0	0	0	0	0	0	0	0	
1112.077433	8	3	3	0	1	2	2	4198	105	31	66756	21	10	40	0	0	0	0	0	0	0	0	0	0	0	0	0	0	
1113.081117	8	3	3	0	1	2	2	4199	103	31	66816	21	10	40	0	0	0	0	0	0	0	0	0	0	0	0	0	0	
1114.084800	8	3	3	0	1	2	2	4199	96	31	66876	21	10	40	0	0	0	0	0	0	0	0	0	0	0	0	0	0	
1115.085600	8	3	3	0	1	2	2	4198	92	31	66936	21	10	40	0	0	0	0	0	0	0	0	0	0	0	0	0	0	
1116.084967	8	3	3	0	1	2	2	4198	89	31	66996	21	10	40	0	0	0	0	0	0	0	0	0	0	0	0	0	0	
1117.090083	8	3	3	0	1	2	2	4198	85	31	67056	21	10	40	0	0	0	0	0	0	0	0	0	0	0	0	0	0	
1118.090883	8	3	3	0	1	2	2	4198	81	31	67116	21	10	40	0	0	0	0	0	0	0	0	0	0	0	0	0	0	
1119.091683	8	3	3	0	1	2	2	4199	79	31	67176	21	10	40	0	0	0	0	0	0	0	0	0	0	0	0	0	0	
1120.078083	8	3	3	0	1	2	2	4199	77	31	67236	21	10	40	0	0	0	0	0	0	0	0	0	0	0	0	0	0	
1121.086083	8	3	3	0	1	2	2	4198	71	31	67296	21	10	40	0	0	0	0	0	0	0	0	0	0	0	0	0	0	
1122.086883	8	3	3	0	1	2	2	4199	70	31	67356	21	10	40	0	0	0	0	0	0	0	0	0	0	0	0	0	0	
1123.015683	8	6	3	0	2	7	1	4175	-188	31	67412	21	11	0	0	0	0	0	0	0	0	0	0	0	0	0	0	0	
1123.092000	8	6	3	0	2	7	1	4007	-1351	31	67416	21	11	0	0	0	0	0	0	0	0	0	0	0	0	0	0	0	
1124.078400	8	6	3	0	2	7	1	3913	-1349	31	67476	21	11	1	0	0	0	0	0	0	0	0	0	0	0	0	0	0	
1125.079200	8	6	3	0	2	7	1	3822	-1349	31	67536	21	11	3	0	0	0	0	0	0	0	0	0	0	0	0	0	0	
1126.081433	8	6	3	0	2	7	1	3763	-1350	31	67596	21	11	4	0	0	0	0	0	0	0	0	0	0	0	0	0	0	
1127.085117	8	6	3	0	2	7	1	3714	-1347	31	67656	21	11	6	0	0	0	0	0	0	0	0	0	0	0	0	0	0	
1128.085917	8	6	3	0	2	7	1	3672	-1349	31	67716	21	11	8	0	0	0	0	0	0	0	0	0	0	0	0	0	0	
1129.086717	8	6	3	0	2	7	1	3635	-1350	31	67776	21	11	9	0	0	0	0	0	0	0	0	0	0	0	0	0	0	
1130.090400	8	6	3	0	2	7	1	3600	-1351	31	67836	21	11	11	0	0	0	0	0	0	0	0	0	0	0	0	0	0	
1131.091200	8	6	3	0	2	7	1	3569	-1347	31	67896	21	11	13	0	0	0	0	0	0	0	0	0	0	0	0	0	0	
1132.092000	8	6	3	0	2	7	1	3543	-1349	31	67956	21	11	14	0	0	0	0	0	0	0	0	0	0	0	0	0	0	
1133.092800	8	6	3	0	2	7	1	3517	-1345	31	68017	21	11	16	0	0	0	0	0	0	0	0	0	0	0	0	0	0	
1134.079200	8	6	3	0	2	7	1	3495	-1349	31	68076	21	11	18	0	0	0	0	0	0	0	0	0	0	0	0	0	0	
1135.080000	8	6	3	0	2	7	1	3473	-1348	31	68136	21	11	19	0	0	0	0	0	0	0	0	0	0	0	0	0	0	
1136.088000	8	6	3	0	2	7	1	3453	-1350	31	68196	21	11	21	0	0	0	0	0	0	0	0	0	0	0	0	0	0	
1137.093117	8	6	3	0	2	7	1	3433	-1350	31	68256	21	11	23	0	0	0	0	0	0	0	0	0	0	0	0	0	0	
1138.093917	8	6	3	0	2	7	1	3413	-1351	31	68316	21	11	24	0	0	0	0	0	0	0	0	0	0	0	0	0	0	
1139.080317	8	6	3	0	2	7	1	3393	-1350	31	68376	21	11	26	0	0	0	0	0	0	0	0	0	0	0	0	0	0	
1140.081117	8	6	3	0	2	7	1	3371	-1349	31	68436	21	11	28	0	0	0	0	0	0	0	0	0	0	0	0	0	0	
1141.081917	8	6	3	0	2	7	1	3346	-1351	31	68496	21	11	29	0	0	0	0	0	0	0	0	0	0	0	0	0	0	
1142.085600	8	6	3	0	2	7	1	3316	-1349	31	68556	21	11	31	0	0	0	0	0	0	0	0	0	0	0	0	0	0	
1143.086400	8	6	3	0	2	7	1	3278	-1347	31	68616	21	11	33	0	0	0	0	0	0	0	0	0	0	0	0	0	0	
1144.087200	8	6	3	0	2	7	1	3227	-1347	31	68676	21	11	34	0	0	0	0	0	0	0	0	0	0	0	0	0	0	
1145.088000	8	6	3	0	2	7	1	3155	-1350	31	68736	21	11	36	0	0	0	0	0	0	0	0	0	0	0	0	0	0	
1146.088800	8	6	3	0	2	7	1	3041	-1349	31	68796	21	11	38	0	0	0	0	0	0	0	0	0	0	0	0	0	0	
1147.092483	8	6	3	0	2	7	1	2838	-1350	31	68856	21	11	39	0	0	0	0	0	0	0	0	0	0	0	0	0	0	
1147.636800	10	0	5	0	0	15	0	2803	0	31	68889	21	11	40	0	0	0	0	0	0	0	0	0	0	0	0	0	0	
1147.645433	8	15	3	0	0	31	0	3107	0	31	68889	21	11	40	0	0	0	0	0	0	0	0	0	0	0	0	0	0	
