Time	Status code	Status category	Status color	Pgm code	Pgm step	Pgm para	Pgm cycle	mV	mA	Temperature	Duration	Charge count	Discharge count	Capacity	Analog input 1	Analog input 2	Analog input 3	Analog input 4	Digital input 1	Digital input 2	Digital input 3	Digital input 4	Digital output 1	Digital output 2	Digital output 3	Digital output 4	Analog output 1	Analog output 2	
0.000000	8	3	3	0	1	2	2	4070	674	24	48	1	0	0	0	0	0	0	0	0	0	0	0	0	0	0	0	0	
0.986400	8	3	3	0	1	2	2	4092	673	24	107	1	0	0	0	0	0	0	0	0	0	0	0	0	0	0	0	0	
1.990083	8	3	3	0	1	2	2	4108	674	24	167	1	0	0	0	0	0	0	0	0	0	0	0	0	0	0	0	0	
3.005283	8	3	3	0	1	2	2	4120	664	24	227	1	0	0	0	0	0	0	0	0	0	0	0	0	0	0	0	0	
4.007517	8	3	3	0	1	2	2	4130	666	25	287	1	0	0	0	0	0	0	0	0	0	0	0	0	0	0	0	0	
4.998233	8	3	3	0	1	2	2	4138	665	25	347	1	0	0	0	0	0	0	0	0	0	0	0	0	0	0	0	0	
6.007683	8	3	3	0	1	2	2	4147	664	25	407	1	0	0	0	0	0	0	0	0	0	0	0	0	0	0	0	0	
6.998400	8	3	3	0	1	2	2	4155	664	26	467	1	0	0	0	0	0	0	0	0	0	0	0	0	0	0	0	0	
8.012167	8	3	3	0	1	2	2	4162	662	26	528	1	0	0	0	0	0	0	0	0	0	0	0	0	0	0	0	0	
9.007200	8	3	3	0	1	2	2	4171	659	26	587	1	0	0	0	0	0	0	0	0	0	0	0	0	0	0	0	0	
9.997917	8	3	3	0	1	2	2	4179	662	26	647	1	0	0	0	0	0	0	0	0	0	0	0	0	0	0	0	0	
11.007367	8	3	3	0	1	2	2	4188	663	27	707	1	0	0	0	0	0	0	0	0	0	0	0	0	0	0	0	0	
12.000967	8	3	3	0	1	2	2	4196	662	27	767	1	0	0	0	0	0	0	0	0	0	0	0	0	0	0	0	0	
13.007517	8	3	3	0	1	2	2	4198	630	27	827	1	0	0	0	0	0	0	0	0	0	0	0	0	0	0	0	0	
14.004000	8	3	3	0	1	2	2	4198	592	28	887	1	0	0	0	0	0	0	0	0	0	0	0	0	0	0	0	0	
15.013433	8	3	3	0	1	2	2	4198	560	28	948	1	0	0	0	0	0	0	0	0	0	0	0	0	0	0	0	0	
15.998400	8	3	3	0	1	2	2	4199	531	28	1007	1	0	0	0	0	0	0	0	0	0	0	0	0	0	0	0	0	
16.999200	8	3	3	0	1	2	2	4198	504	28	1067	1	0	0	0	0	0	0	0	0	0	0	0	0	0	0	0	0	
18.002883	8	3	3	0	1	2	2	4198	477	28	1127	1	0	0	0	0	0	0	0	0	0	0	0	0	0	0	0	0	
19.003683	8	3	3	0	1	2	2	4198	453	29	1187	1	0	0	0	0	0	0	0	0	0	0	0	0	0	0	0	0	
20.004483	8	3	3	0	1	2	2	4199	430	29	1247	1	0	0	0	0	0	0	0	0	0	0	0	0	0	0	0	0	
21.005283	8	3	3	0	1	2	2	4199	408	29	1307	1	0	0	0	0	0	0	0	0	0	0	0	0	0	0	0	0	
22.007517	8	3	3	0	1	2	2	4199	390	29	1367	1	0	0	0	0	0	0	0	0	0	0	0	0	0	0	0	0	
23.014083	8	3	3	0	1	2	2	4198	367	29	1428	1	0	0	0	0	0	0	0	0	0	0	0	0	0	0	0	0	
23.999033	8	3	3	0	1	2	2	4198	350	30	1487	1	0	0	0	0	0	0	0	0	0	0	0	0	0	0	0	0	
24.999833	8	3	3	0	1	2	2	4198	333	30	1547	1	0	0	0	0	0	0	0	0	0	0	0	0	0	0	0	0	
26.007833	8	3	3	0	1	2	2	4198	315	30	1607	1	0	0	0	0	0	0	0	0	0	0	0	0	0	0	0	0	
27.011517	8	3	3	0	1	2	2	4198	300	29	1667	1	0	0	0	0	0	0	0	0	0	0	0	0	0	0	0	0	
28.012317	8	3	3	0	1	2	2	4198	285	29	1727	1	0	0	0	0	0	0	0	0	0	0	0	0	0	0	0	0	
29.013117	8	3	3	0	1	2	2	4199	272	29	1788	1	0	0	0	0	0	0	0	0	0	0	0	0	0	0	0	0	
29.998083	8	3	3	0	1	2	2	4198	260	29	1847	1	0	0	0	0	0	0	0	0	0	0	0	0	0	0	0	0	
30.998883	8	3	3	0	1	2	2	4198	248	29	1907	1	0	0	0	0	0	0	0	0	0	0	0	0	0	0	0	0	
31.999683	8	3	3	0	1	2	2	4198	235	30	1967	1	0	0	0	0	0	0	0	0	0	0	0	0	0	0	0	0	
33.000483	8	3	3	0	1	2	2	4199	225	30	2027	1	0	0	0	0	0	0	0	0	0	0	0	0	0	0	0	0	
34.001283	8	3	3	0	1	2	2	4198	215	30	2087	1	0	0	0	0	0	0	0	0	0	0	0	0	0	0	0	0	
35.000633	8	3	3	0	1	2	2	4198	205	30	2147	1	0	0	0	0	0	0	0	0	0	0	0	0	0	0	0	0	
36.007200	8	3	3	0	1	2	2	4199	199	30	2207	1	0	0	0	0	0	0	0	0	0	0	0	0	0	0	0	0	
37.016633	8	3	3	0	1	2	2	4199	188	30	2268	1	0	0	0	0	0	0	0	0	0	0	0	0	0	0	0	0	
38.000167	8	3	3	0	1	2	2	4199	178	30	2327	1	0	0	0	0	0	0	0	0	0	0	0	0	0	0	0	0	
39.000967	8	3	3	0	1	2	2	4199	171	30	2387	1	0	0	0	0	0	0	0	0	0	0	0	0	0	0	0	0	
40.000317	8	3	3	0	1	2	2	4199	163	30	2447	1	0	0	0	0	0	0	0	0	0	0	0	0	0	0	0	0	
41.001117	8	3	3	0	1	2	2	4198	156	30	2507	1	0	0	0	0	0	0	0	0	0	0	0	0	0	0	0	0	
42.006233	8	3	3	0	1	2	2	4199	149	31	2567	1	0	0	0	0	0	0	0	0	0	0	0	0	0	0	0	0	
43.005600	8	3	3	0	1	2	2	4198	142	31	2627	1	0	0	0	0	0	0	0	0	0	0	0	0	0	0	0	0	
44.006400	8	3	3	0	1	2	2	4198	135	31	2687	1	0	0	0	0	0	0	0	0	0	0	0	0	0	0	0	0	
45.007200	8	3	3	0	1	2	2	4199	130	31	2747	1	0	0	0	0	0	0	0	0	0	0	0	0	0	0	0	0	
46.008000	8	3	3	0	1	2	2	4198	124	31	2807	1	0	0	0	0	0	0	0	0	0	0	0	0	0	0	0	0	
47.011683	8	3	3	0	1	2	2	4199	118	31	2867	1	0	0	0	0	0	0	0	0	0	0	0	0	0	0	0	0	
48.012483	8	3	3	0	1	2	2	4198	113	31	2927	1	0	0	0	0	0	0	0	0	0	0	0	0	0	0	0	0	
49.016167	8	3	3	0	1	2	2	4199	111	31	2988	1	0	0	0	0	0	0	0	0	0	0	0	0	0	0	0	0	
50.001117	8	3	3	0	1	2	2	4199	104	31	3047	1	0	0	0	0	0	0	0	0	0	0	0	0	0	0	0	0	
51.010567	8	3	3	0	1	2	2	4198	99	31	3107	1	0	0	0	0	0	0	0	0	0	0	0	0	0	0	0	0	
52.014233	8	3	3	0	1	2	2	4198	95	31	3167	1	0	0	0	0	0	0	0	0	0	0	0	0	0	0	0	0	
53.015033	8	3	3	0	1	2	2	4198	91	31	3228	1	0	0	0	0	0	0	0	0	0	0	0	0	0	0	0	0	
54.000000	8	3	3	0	1	2	2	4199	86	31	3287	1	0	0	0	0	0	0	0	0	0	0	0	0	0	0	0	0	
55.000800	8	3	3	0	1	2	2	4198	83	31	3347	1	0	0	0	0	0	0	0	0	0	0	0	0	0	0	0	0	
56.001600	8	3	3	0	1	2	2	4198	80	31	3407	1	0	0	0	0	0	0	0	0	0	0	0	0	0	0	0	0	
57.002400	8	3	3	0	1	2	2	4198	76	31	3467	1	0	0	0	0	0	0	0	0	0	0	0	0	0	0	0	0	
58.003200	8	3	3	0	1	2	2	4198	73	31	3527	1	0	0	0	0	0	0	0	0	0	0	0	0	0	0	0	0	
59.006883	8	3	3	0	1	2	2	4198	70	31	3587	1	0	0	0	0	0	0	0	0	0	0	0	0	0	0	0	0	
60.007683	8	3	3	0	1	2	2	4199	68	31	3647	1	0	0	0	0	0	0	0	0	0	0	0	0	0	0	0	0	
60.145917	8	6	3	0	2	7	1	4057	-1072	31	3655	1	1	0	0	0	0	0	0	0	0	0	0	0	0	0	0	0	
61.018567	8	6	3	0	2	7	1	3941	-1349	31	3708	1	1	1	0	0	0	0	0	0	0	0	0	0	0	0	0	0	
62.003517	8	6	3	0	2	7	1	3863	-1347	31	3767	1	1	3	0	0	0	0	0	0	0	0	0	0	0	0	0	0	
63.008633	8	6	3	0	2	7	1	3796	-1349	31	3827	1	1	4	0	0	0	0	0	0	0	0	0	0	0	0	0	0	
64.008000	8	6	3	0	2	7	1	3747	-1348	31	3887	1	1	6	0	0	0	0	0	0	0	0	0	0	0	0	0	0	
65.014567	8	6	3	0	2	7	1	3703	-1350	31	3947	1	1	8	0	0	0	0	0	0	0	0	0	0	0	0	0	0	
66.015367	8	6	3	0	2	7	1	3664	-1349	31	4007	1	1	9	0	0	0	0	0	0	0	0	0	0	0	0	0	0	
67.014717	8	6	3	0	2	7	1	3628	-1349	31	4067	1	1	11	0	0	0	0	0	0	0	0	0	0	0	0	0	0	
68.015517	8	6	3	0	2	7	1	3595	-1350	31	4128	1	1	12	0	0	0	0	0	0	0	0	0	0	0	0	0	0	
69.000483	8	6	3	0	2	7	1	3564	-1349	31	4187	1	1	14	0	0	0	0	0	0	0	0	0	0	0	0	0	0	
70.001283	8	6	3	0	2	7	1	3534	-1350	31	4247	1	1	16	0	0	0	0	0	0	0	0	0	0	0	0	0	0	
71.002083	8	6	3	0	2	7	1	3508	-1350	31	4307	1	1	17	0	0	0	0	0	0	0	0	0	0	0	0	0	0	
72.004317	8	6	3	0	2	7	1	3482	-1350	31	4367	1	1	19	0	0	0	0	0	0	0	0	0	0	0	0	0	0	
73.010883	8	6	3	0	2	7	1	3458	-1350	31	4427	1	1	21	0	0	0	0	0	0	0	0	0	0	0	0	0	0	
74.014567	8	6	3	0	2	7	1	3435	-1349	31	4487	1	1	22	0	0	0	0	0	0	0	0	0	0	0	0	0	0	
75.015367	8	6	3	0	2	7	1	3411	-1348	31	4547	1	1	24	0	0	0	0	0	0	0	0	0	0	0	0	0	0	
76.016167	8	6	3	0	2	7	1	3387	-1349	31	4607	1	1	26	0	0	0	0	0	0	0	0	0	0	0	0	0	0	
77.016967	8	6	3	0	2	7	1	3357	-1350	30	4668	1	1	27	0	0	0	0	0	0	0	0	0	0	0	0	0	0	
78.001917	8	6	3	0	2	7	1	3325	-1351	31	4727	1	1	29	0	0	0	0	0	0	0	0	0	0	0	0	0	0	
79.008483	8	6	3	0	2	7	1	3282	-1351	30	4787	1	1	31	0	0	0	0	0	0	0	0	0	0	0	0	0	0	
80.016483	8	6	3	0	2	7	1	3229	-1350	30	4847	1	1	32	0	0	0	0	0	0	0	0	0	0	0	0	0	0	
81.015833	8	6	3	0	2	7	1	3157	-1349	30	4907	1	1	34	0	0	0	0	0	0	0	0	0	0	0	0	0	0	
82.016633	8	6	3	0	2	7	1	3055	-1351	30	4967	1	1	36	0	0	0	0	0	0	0	0	0	0	0	0	0	0	
83.017433	8	6	3	0	2	7	1	2894	-1350	30	5028	1	1	37	0	0	0	0	0	0	0	0	0	0	0	0	0	0	
83.947683	8	15	3	0	1	31	2	3148	78	30	5083	3	1	39	0	0	0	0	0	0	0	0	0	0	0	0	0	0	
83.967833	8	3	3	0	1	2	2	3454	677	30	5085	3	1	39	0	0	0	0	0	0	0	0	0	0	0	0	0	0	
84.008167	8	3	3	0	1	2	2	3580	674	30	5087	3	1	39	0	0	0	0	0	0	0	0	0	0	0	0	0	0	
85.014717	8	3	3	0	1	2	2	3872	675	30	5147	3	1	39	0	0	0	0	0	0	0	0	0	0	0	0	0	0	
86.015517	8	3	3	0	1	2	2	3916	675	30	5207	3	1	39	0	0	0	0	0	0	0	0	0	0	0	0	0	0	
87.016317	8	3	3	0	1	2	2	3944	674	30	5267	3	1	39	0	0	0	0	0	0	0	0	0	0	0	0	0	0	
88.017117	8	3	3	0	1	2	2	3964	675	30	5327	3	1	39	0	0	0	0	0	0	0	0	0	0	0	0	0	0	
89.017917	8	3	3	0	1	2	2	3980	675	30	5387	3	1	39	0	0	0	0	0	0	0	0	0	0	0	0	0	0	
90.017283	8	3	3	0	1	2	2	3992	674	30	5448	3	1	39	0	0	0	0	0	0	0	0	0	0	0	0	0	0	
91.003683	8	3	3	0	1	2	2	4003	674	30	5507	3	1	39	0	0	0	0	0	0	0	0	0	0	0	0	0	0	
92.003033	8	3	3	0	1	2	2	4013	674	30	5567	3	1	39	0	0	0	0	0	0	0	0	0	0	0	0	0	0	
93.006717	8	3	3	0	1	2	2	4021	675	30	5627	3	1	39	0	0	0	0	0	0	0	0	0	0	0	0	0	0	
94.010400	8	3	3	0	1	2	2	4030	676	30	5687	3	1	39	0	0	0	0	0	0	0	0	0	0	0	0	0	0	
95.011200	8	3	3	0	1	2	2	4038	674	30	5747	3	1	39	0	0	0	0	0	0	0	0	0	0	0	0	0	0	
96.016317	8	3	3	0	1	2	2	4046	674	30	5807	3	1	39	0	0	0	0	0	0	0	0	0	0	0	0	0	0	
97.017117	8	3	3	0	1	2	2	4054	674	30	5867	3	1	39	0	0	0	0	0	0	0	0	0	0	0	0	0	0	
98.017917	8	3	3	0	1	2	2	4061	675	30	5927	3	1	39	0	0	0	0	0	0	0	0	0	0	0	0	0	0	
99.018717	8	3	3	0	1	2	2	4068	675	30	5988	3	1	39	0	0	0	0	0	0	0	0	0	0	0	0	0	0	
100.003683	8	3	3	0	1	2	2	4076	674	30	6047	3	1	39	0	0	0	0	0	0	0	0	0	0	0	0	0	0	
101.004483	8	3	3	0	1	2	2	4083	675	30	6107	3	1	39	0	0	0	0	0	0	0	0	0	0	0	0	0	0	
102.005283	8	3	3	0	1	2	2	4091	675	30	6167	3	1	39	0	0	0	0	0	0	0	0	0	0	0	0	0	0	
103.006083	8	3	3	0	1	2	2	4099	674	30	6227	3	1	39	0	0	0	0	0	0	0	0	0	0	0	0	0	0	
104.006883	8	3	3	0	1	2	2	4107	676	30	6287	3	1	39	0	0	0	0	0	0	0	0	0	0	0	0	0	0	
105.010567	8	3	3	0	1	2	2	4115	674	30	6347	3	1	39	0	0	0	0	0	0	0	0	0	0	0	0	0	0	
106.011367	8	3	3	0	1	2	2	4121	665	30	6407	3	1	39	0	0	0	0	0	0	0	0	0	0	0	0	0	0	
107.012167	8	3	3	0	1	2	2	4129	663	30	6467	3	1	39	0	0	0	0	0	0	0	0	0	0	0	0	0	0	
108.021600	8	3	3	0	1	2	2	4137	663	30	6528	3	1	39	0	0	0	0	0	0	0	0	0	0	0	0	0	0	
109.006567	8	3	3	0	1	2	2	4145	666	30	6587	3	1	39	0	0	0	0	0	0	0	0	0	0	0	0	0	0	
110.010233	8	3	3	0	1	2	2	4153	664	30	6647	3	1	39	0	0	0	0	0	0	0	0	0	0	0	0	0	0	
111.011033	8	3	3	0	1	2	2	4162	664	30	6707	3	1	39	0	0	0	0	0	0	0	0	0	0	0	0	0	0	
112.011833	8	3	3	0	1	2	2	4170	662	30	6767	3	1	39	0	0	0	0	0	0	0	0	0	0	0	0	0	0	
113.012633	8	3	3	0	1	2	2	4178	661	30	6827	3	1	39	0	0	0	0	0	0	0	0	0	0	0	0	0	0	
114.013433	8	3	3	0	1	2	2	4186	660	30	6887	3	1	39	0	0	0	0	0	0	0	0	0	0	0	0	0	0	
115.017117	8	3	3	0	1	2	2	4194	656	30	6947	3	1	39	0	0	0	0	0	0	0	0	0	0	0	0	0	0	
116.017917	8	3	3	0	1	2	2	4199	632	30	7007	3	1	39	0	0	0	0	0	0	0	0	0	0	0	0	0	0	
117.018717	8	3	3	0	1	2	2	4198	590	30	7067	3	1	39	0	0	0	0	0	0	0	0	0	0	0	0	0	0	
118.019517	8	3	3	0	1	2	2	4198	554	30	7127	3	1	39	0	0	0	0	0	0	0	0	0	0	0	0	0	0	
119.021767	8	3	3	0	1	2	2	4199	522	30	7188	3	1	39	0	0	0	0	0	0	0	0	0	0	0	0	0	0	
120.006717	8	3	3	0	1	2	2	4198	490	30	7247	3	1	39	0	0	0	0	0	0	0	0	0	0	0	0	0	0	
121.008967	8	3	3	0	1	2	2	4199	466	30	7307	3	1	39	0	0	0	0	0	0	0	0	0	0	0	0	0	0	
122.012633	8	3	3	0	1	2	2	4198	436	30	7367	3	1	39	0	0	0	0	0	0	0	0	0	0	0	0	0	0	
123.013433	8	3	3	0	1	2	2	4198	412	30	7427	3	1	39	0	0	0	0	0	0	0	0	0	0	0	0	0	0	
124.014233	8	3	3	0	1	2	2	4199	389	30	7487	3	1	39	0	0	0	0	0	0	0	0	0	0	0	0	0	0	
125.017917	8	3	3	0	1	2	2	4198	369	30	7547	3	1	39	0	0	0	0	0	0	0	0	0	0	0	0	0	0	
126.018717	8	3	3	0	1	2	2	4199	348	30	7607	3	1	39	0	0	0	0	0	0	0	0	0	0	0	0	0	0	
127.019517	8	3	3	0	1	2	2	4198	331	30	7667	3	1	39	0	0	0	0	0	0	0	0	0	0	0	0	0	0	
128.020317	8	3	3	0	1	2	2	4198	312	30	7727	3	1	39	0	0	0	0	0	0	0	0	0	0	0	0	0	0	
129.021117	8	3	3	0	1	2	2	4198	296	30	7788	3	1	39	0	0	0	0	0	0	0	0	0	0	0	0	0	0	
130.006083	8	3	3	0	1	2	2	4199	282	30	7847	3	1	39	0	0	0	0	0	0	0	0	0	0	0	0	0	0	
131.008317	8	3	3	0	1	2	2	4199	270	30	7907	3	1	39	0	0	0	0	0	0	0	0	0	0	0	0	0	0	
132.014883	8	3	3	0	1	2	2	4198	254	30	7967	3	1	39	0	0	0	0	0	0	0	0	0	0	0	0	0	0	
133.015683	8	3	3	0	1	2	2	4198	242	30	8027	3	1	39	0	0	0	0	0	0	0	0	0	0	0	0	0	0	
134.019367	8	3	3	0	1	2	2	4198	230	30	8087	3	1	39	0	0	0	0	0	0	0	0	0	0	0	0	0	0	
135.023033	8	3	3	0	1	2	2	4199	224	30	8148	3	1	39	0	0	0	0	0	0	0	0	0	0	0	0	0	0	
136.009433	8	3	3	0	1	2	2	4199	208	30	8207	3	1	39	0	0	0	0	0	0	0	0	0	0	0	0	0	0	
137.013117	8	3	3	0	1	2	2	4199	199	30	8267	3	1	39	0	0	0	0	0	0	0	0	0	0	0	0	0	0	
138.013917	8	3	3	0	1	2	2	4198	190	30	8327	3	1	39	0	0	0	0	0	0	0	0	0	0	0	0	0	0	
139.014717	8	3	3	0	1	2	2	4199	179	30	8387	3	1	39	0	0	0	0	0	0	0	0	0	0	0	0	0	0	
140.014083	8	3	3	0	1	2	2	4198	172	30	8447	3	1	39	0	0	0	0	0	0	0	0	0	0	0	0	0	0	
141.014883	8	3	3	0	1	2	2	4199	163	30	8507	3	1	39	0	0	0	0	0	0	0	0	0	0	0	0	0	0	
142.015683	8	3	3	0	1	2	2	4198	155	30	8567	3	1	39	0	0	0	0	0	0	0	0	0	0	0	0	0	0	
143.025117	8	3	3	0	1	2	2	4198	148	30	8628	3	1	39	0	0	0	0	0	0	0	0	0	0	0	0	0	0	
144.010083	8	3	3	0	1	2	2	4198	141	30	8687	3	1	39	0	0	0	0	0	0	0	0	0	0	0	0	0	0	
145.013767	8	3	3	0	1	2	2	4198	134	30	8747	3	1	39	0	0	0	0	0	0	0	0	0	0	0	0	0	0	
146.014567	8	3	3	0	1	2	2	4199	129	30	8807	3	1	39	0	0	0	0	0	0	0	0	0	0	0	0	0	0	
147.015367	8	3	3	0	1	2	2	4199	122	30	8867	3	1	39	0	0	0	0	0	0	0	0	0	0	0	0	0	0	
148.016167	8	3	3	0	1	2	2	4199	117	30	8927	3	1	39	0	0	0	0	0	0	0	0	0	0	0	0	0	0	
149.022717	8	3	3	0	1	2	2	4199	117	30	8988	3	1	39	0	0	0	0	0	0	0	0	0	0	0	0	0	0	
150.009117	8	3	3	0	1	2	2	4198	106	30	9047	3	1	39	0	0	0	0	0	0	0	0	0	0	0	0	0	0	
151.014233	8	3	3	0	1	2	2	4198	101	30	9107	3	1	39	0	0	0	0	0	0	0	0	0	0	0	0	0	0	
152.015033	8	3	3	0	1	2	2	4198	98	30	9167	3	1	39	0	0	0	0	0	0	0	0	0	0	0	0	0	0	
153.015833	8	3	3	0	1	2	2	4199	94	30	9227	3	1	39	0	0	0	0	0	0	0	0	0	0	0	0	0	0	
154.018083	8	3	3	0	1	2	2	4199	93	30	9287	3	1	39	0	0	0	0	0	0	0	0	0	0	0	0	0	0	
155.021767	8	3	3	0	1	2	2	4198	86	30	9347	3	1	39	0	0	0	0	0	0	0	0	0	0	0	0	0	0	
156.022567	8	3	3	0	1	2	2	4198	81	30	9407	3	1	39	0	0	0	0	0	0	0	0	0	0	0	0	0	0	
157.023367	8	3	3	0	1	2	2	4198	76	30	9467	3	1	39	0	0	0	0	0	0	0	0	0	0	0	0	0	0	
158.024167	8	3	3	0	1	2	2	4199	75	30	9528	3	1	39	0	0	0	0	0	0	0	0	0	0	0	0	0	0	
159.009117	8	3	3	0	1	2	2	4199	71	30	9587	3	1	39	0	0	0	0	0	0	0	0	0	0	0	0	0	0	
160.009917	8	3	3	0	1	2	2	4199	69	30	9647	3	1	39	0	0	0	0	0	0	0	0	0	0	0	0	0	0	
160.532633	8	6	3	0	2	7	1	4017	-1350	30	9678	3	2	0	0	0	0	0	0	0	0	0	0	0	0	0	0	0	
161.012167	8	6	3	0	2	7	1	3964	-1348	30	9707	3	2	0	0	0	0	0	0	0	0	0	0	0	0	0	0	0	
162.015833	8	6	3	0	2	7	1	3882	-1349	30	9767	3	2	2	0	0	0	0	0	0	0	0	0	0	0	0	0	0	
163.016633	8	6	3	0	2	7	1	3792	-1350	30	9827	3	2	4	0	0	0	0	0	0	0	0	0	0	0	0	0	0	
164.026083	8	6	3	0	2	7	1	3736	-1351	30	9888	3	2	5	0	0	0	0	0	0	0	0	0	0	0	0	0	0	
165.011033	8	6	3	0	2	7	1	3692	-1348	30	9947	3	2	7	0	0	0	0	0	0	0	0	0	0	0	0	0	0	
166.016167	8	6	3	0	2	7	1	3650	-1350	30	10007	3	2	9	0	0	0	0	0	0	0	0	0	0	0	0	0	0	
167.024167	8	6	3	0	2	7	1	3613	-1349	30	10068	3	2	10	0	0	0	0	0	0	0	0	0	0	0	0	0	0	
168.009117	8	6	3	0	2	7	1	3579	-1350	30	10127	3	2	12	0	0	0	0	0	0	0	0	0	0	0	0	0	0	
169.009917	8	6	3	0	2	7	1	3546	-1347	30	10187	3	2	14	0	0	0	0	0	0	0	0	0	0	0	0	0	0	
170.010717	8	6	3	0	2	7	1	3517	-1349	30	10247	3	2	15	0	0	0	0	0	0	0	0	0	0	0	0	0	0	
171.011517	8	6	3	0	2	7	1	3492	-1349	30	10307	3	2	17	0	0	0	0	0	0	0	0	0	0	0	0	0	0	
172.012317	8	6	3	0	2	7	1	3468	-1349	30	10367	3	2	18	0	0	0	0	0	0	0	0	0	0	0	0	0	0	
173.016000	8	6	3	0	2	7	1	3444	-1349	30	10427	3	2	20	0	0	0	0	0	0	0	0	0	0	0	0	0	0	
174.016800	8	6	3	0	2	7	1	3420	-1349	30	10487	3	2	22	0	0	0	0	0	0	0	0	0	0	0	0	0	0	
175.016167	8	6	3	0	2	7	1	3396	-1349	30	10547	3	2	23	0	0	0	0	0	0	0	0	0	0	0	0	0	0	
176.016967	8	6	3	0	2	7	1	3371	-1349	30	10607	3	2	25	0	0	0	0	0	0	0	0	0	0	0	0	0	0	
177.017767	8	6	3	0	2	7	1	3340	-1350	30	10667	3	2	27	0	0	0	0	0	0	0	0	0	0	0	0	0	0	
178.009917	8	6	3	0	2	7	1	3299	-1349	30	10727	3	2	28	0	0	0	0	0	0	0	0	0	0	0	0	0	0	
179.017917	8	6	3	0	2	7	1	3247	-1350	30	10787	3	2	30	0	0	0	0	0	0	0	0	0	0	0	0	0	0	
180.018717	8	6	3	0	2	7	1	3178	-1350	30	10847	3	2	32	0	0	0	0	0	0	0	0	0	0	0	0	0	0	
181.019517	8	6	3	0	2	7	1	3082	-1350	30	10907	3	2	33	0	0	0	0	0	0	0	0	0	0	0	0	0	0	
182.023200	8	6	3	0	2	7	1	2935	-1349	30	10967	3	2	35	0	0	0	0	0	0	0	0	0	0	0	0	0	0	
183.024000	8	6	3	0	2	7	1	2715	-1350	30	11027	3	2	37	0	0	0	0	0	0	0	0	0	0	0	0	0	0	
183.143517	8	15	3	0	1	31	2	2834	16	30	11035	4	2	37	0	0	0	0	0	0	0	0	0	0	0	0	0	0	
183.163683	8	3	3	0	1	2	2	3433	673	30	11036	5	2	37	0	0	0	0	0	0	0	0	0	0	0	0	0	0	
184.011833	8	3	3	0	1	2	2	3868	675	30	11087	5	2	37	0	0	0	0	0	0	0	0	0	0	0	0	0	0	
185.012633	8	3	3	0	1	2	2	3920	675	30	11147	5	2	37	0	0	0	0	0	0	0	0	0	0	0	0	0	0	
186.016317	8	3	3	0	1	2	2	3952	675	30	11207	5	2	37	0	0	0	0	0	0	0	0	0	0	0	0	0	0	
187.017117	8	3	3	0	1	2	2	3974	674	30	11267	5	2	37	0	0	0	0	0	0	0	0	0	0	0	0	0	0	
188.017917	8	3	3	0	1	2	2	3991	676	30	11327	5	2	37	0	0	0	0	0	0	0	0	0	0	0	0	0	0	
189.020167	8	3	3	0	1	2	2	4003	674	30	11387	5	2	37	0	0	0	0	0	0	0	0	0	0	0	0	0	0	
190.023833	8	3	3	0	1	2	2	4015	675	30	11447	5	2	37	0	0	0	0	0	0	0	0	0	0	0	0	0	0	
191.024633	8	3	3	0	1	2	2	4025	674	30	11507	5	2	37	0	0	0	0	0	0	0	0	0	0	0	0	0	0	
192.026883	8	3	3	0	1	2	2	4034	674	30	11568	5	2	37	0	0	0	0	0	0	0	0	0	0	0	0	0	0	
193.011833	8	3	3	0	1	2	2	4042	673	30	11627	5	2	37	0	0	0	0	0	0	0	0	0	0	0	0	0	0	
194.012633	8	3	3	0	1	2	2	4051	675	30	11687	5	2	37	0	0	0	0	0	0	0	0	0	0	0	0	0	0	
195.013433	8	3	3	0	1	2	2	4059	675	30	11747	5	2	37	0	0	0	0	0	0	0	0	0	0	0	0	0	0	
196.017117	8	3	3	0	1	2	2	4068	676	30	11807	5	2	37	0	0	0	0	0	0	0	0	0	0	0	0	0	0	
197.017917	8	3	3	0	1	2	2	4076	675	30	11867	5	2	37	0	0	0	0	0	0	0	0	0	0	0	0	0	0	
198.018717	8	3	3	0	1	2	2	4084	674	30	11927	5	2	37	0	0	0	0	0	0	0	0	0	0	0	0	0	0	
199.019517	8	3	3	0	1	2	2	4091	672	30	11987	5	2	37	0	0	0	0	0	0	0	0	0	0	0	0	0	0	
200.020317	8	3	3	0	1	2	2	4099	675	30	12047	5	2	37	0	0	0	0	0	0	0	0	0	0	0	0	0	0	
201.018233	8	3	3	0	1	2	2	4106	674	30	12107	5	2	37	0	0	0	0	0	0	0	0	0	0	0	0	0	0	
202.026233	8	3	3	0	1	2	2	4115	674	30	12167	5	2	37	0	0	0	0	0	0	0	0	0	0	0	0	0	0	
203.027033	8	3	3	0	1	2	2	4121	664	30	12227	5	2	37	0	0	0	0	0	0	0	0	0	0	0	0	0	0	
204.026400	8	3	3	0	1	2	2	4129	662	30	12288	5	2	37	0	0	0	0	0	0	0	0	0	0	0	0	0	0	
205.012800	8	3	3	0	1	2	2	4137	661	30	12347	5	2	37	0	0	0	0	0	0	0	0	0	0	0	0	0	0	
206.015033	8	3	3	0	1	2	2	4145	661	30	12407	5	2	37	0	0	0	0	0	0	0	0	0	0	0	0	0	0	
207.021600	8	3	3	0	1	2	2	4153	659	30	12467	5	2	37	0	0	0	0	0	0	0	0	0	0	0	0	0	0	
208.026717	8	3	3	0	1	2	2	4161	661	30	12527	5	2	37	0	0	0	0	0	0	0	0	0	0	0	0	0	0	
209.027517	8	3	3	0	1	2	2	4170	661	30	12588	5	2	37	0	0	0	0	0	0	0	0	0	0	0	0	0	0	
210.012483	8	3	3	0	1	2	2	4178	659	30	12647	5	2	37	0	0	0	0	0	0	0	0	0	0	0	0	0	0	
211.013283	8	3	3	0	1	2	2	4187	659	30	12707	5	2	37	0	0	0	0	0	0	0	0	0	0	0	0	0	0	
212.012633	8	3	3	0	1	2	2	4194	656	30	12767	5	2	37	0	0	0	0	0	0	0	0	0	0	0	0	0	0	
213.020633	8	3	3	0	1	2	2	4198	626	30	12827	5	2	37	0	0	0	0	0	0	0	0	0	0	0	0	0	0	
214.021433	8	3	3	0	1	2	2	4199	586	30	12887	5	2	37	0	0	0	0	0	0	0	0	0	0	0	0	0	0	
215.022233	8	3	3	0	1	2	2	4199	550	30	12947	5	2	37	0	0	0	0	0	0	0	0	0	0	0	0	0	0	
216.025917	8	3	3	0	1	2	2	4198	516	30	13007	5	2	37	0	0	0	0	0	0	0	0	0	0	0	0	0	0	
217.026717	8	3	3	0	1	2	2	4198	486	30	13067	5	2	37	0	0	0	0	0	0	0	0	0	0	0	0	0	0	
218.027517	8	3	3	0	1	2	2	4199	458	30	13127	5	2	37	0	0	0	0	0	0	0	0	0	0	0	0	0	0	
219.026883	8	3	3	0	1	2	2	4198	432	30	13187	5	2	37	0	0	0	0	0	0	0	0	0	0	0	0	0	0	
220.030567	8	3	3	0	1	2	2	4199	412	30	13248	5	2	37	0	0	0	0	0	0	0	0	0	0	0	0	0	0	
221.014083	8	3	3	0	1	2	2	4199	386	30	13307	5	2	37	0	0	0	0	0	0	0	0	0	0	0	0	0	0	
222.014883	8	3	3	0	1	2	2	4199	365	30	13367	5	2	37	0	0	0	0	0	0	0	0	0	0	0	0	0	0	
223.015683	8	3	3	0	1	2	2	4199	345	30	13427	5	2	37	0	0	0	0	0	0	0	0	0	0	0	0	0	0	
224.022233	8	3	3	0	1	2	2	4199	329	30	13487	5	2	37	0	0	0	0	0	0	0	0	0	0	0	0	0	0	
225.021600	8	3	3	0	1	2	2	4198	310	30	13547	5	2	37	0	0	0	0	0	0	0	0	0	0	0	0	0	0	
226.022400	8	3	3	0	1	2	2	4199	294	30	13607	5	2	37	0	0	0	0	0	0	0	0	0	0	0	0	0	0	
227.026083	8	3	3	0	1	2	2	4199	280	30	13667	5	2	37	0	0	0	0	0	0	0	0	0	0	0	0	0	0	
228.026883	8	3	3	0	1	2	2	4198	266	30	13727	5	2	37	0	0	0	0	0	0	0	0	0	0	0	0	0	0	
229.016167	8	3	3	0	1	2	2	4199	253	30	13787	5	2	37	0	0	0	0	0	0	0	0	0	0	0	0	0	0	
230.016967	8	3	3	0	1	2	2	4199	240	30	13847	5	2	37	0	0	0	0	0	0	0	0	0	0	0	0	0	0	
231.020633	8	3	3	0	1	2	2	4199	228	30	13907	5	2	37	0	0	0	0	0	0	0	0	0	0	0	0	0	0	
232.021433	8	3	3	0	1	2	2	4198	217	30	13967	5	2	37	0	0	0	0	0	0	0	0	0	0	0	0	0	0	
233.022233	8	3	3	0	1	2	2	4199	207	30	14027	5	2	37	0	0	0	0	0	0	0	0	0	0	0	0	0	0	
234.024483	8	3	3	0	1	2	2	4199	201	30	14087	5	2	37	0	0	0	0	0	0	0	0	0	0	0	0	0	0	
235.031033	8	3	3	0	1	2	2	4198	186	30	14148	5	2	37	0	0	0	0	0	0	0	0	0	0	0	0	0	0	
236.020317	8	3	3	0	1	2	2	4198	177	30	14207	5	2	37	0	0	0	0	0	0	0	0	0	0	0	0	0	0	
237.024000	8	3	3	0	1	2	2	4198	171	30	14267	5	2	37	0	0	0	0	0	0	0	0	0	0	0	0	0	0	
238.029117	8	3	3	0	1	2	2	4198	162	30	14327	5	2	37	0	0	0	0	0	0	0	0	0	0	0	0	0	0	
239.028483	8	3	3	0	1	2	2	4198	155	30	14387	5	2	37	0	0	0	0	0	0	0	0	0	0	0	0	0	0	
240.029283	8	3	3	0	1	2	2	4199	147	30	14448	5	2	37	0	0	0	0	0	0	0	0	0	0	0	0	0	0	
241.015683	8	3	3	0	1	2	2	4198	139	30	14507	5	2	37	0	0	0	0	0	0	0	0	0	0	0	0	0	0	
242.015033	8	3	3	0	1	2	2	4198	133	30	14567	5	2	37	0	0	0	0	0	0	0	0	0	0	0	0	0	0	
243.015833	8	3	3	0	1	2	2	4198	127	30	14627	5	2	37	0	0	0	0	0	0	0	0	0	0	0	0	0	0	
244.016633	8	3	3	0	1	2	2	4198	123	30	14687	5	2	37	0	0	0	0	0	0	0	0	0	0	0	0	0	0	
245.017433	8	3	3	0	1	2	2	4198	116	30	14747	5	2	37	0	0	0	0	0	0	0	0	0	0	0	0	0	0	
246.018233	8	3	3	0	1	2	2	4199	110	30	14807	5	2	37	0	0	0	0	0	0	0	0	0	0	0	0	0	0	
247.021917	8	3	3	0	1	2	2	4199	109	30	14867	5	2	37	0	0	0	0	0	0	0	0	0	0	0	0	0	0	
248.022717	8	3	3	0	1	2	2	4199	104	30	14927	5	2	37	0	0	0	0	0	0	0	0	0	0	0	0	0	0	
249.023517	8	3	3	0	1	2	2	4199	96	30	14987	5	2	37	0	0	0	0	0	0	0	0	0	0	0	0	0	0	
250.022883	8	3	3	0	1	2	2	4198	91	30	15047	5	2	37	0	0	0	0	0	0	0	0	0	0	0	0	0	0	
251.023683	8	3	3	0	1	2	2	4199	89	30	15107	5	2	37	0	0	0	0	0	0	0	0	0	0	0	0	0	0	
252.024483	8	3	3	0	1	2	2	4198	84	30	15167	5	2	37	0	0	0	0	0	0	0	0	0	0	0	0	0	0	
253.028167	8	3	3	0	1	2	2	4198	81	30	15227	5	2	37	0	0	0	0	0	0	0	0	0	0	0	0	0	0	
254.028967	8	3	3	0	1	2	2	4198	77	30	15287	5	2	37	0	0	0	0	0	0	0	0	0	0	0	0	0	0	
255.029767	8	3	3	0	1	2	2	4199	74	30	15347	5	2	37	0	0	0	0	0	0	0	0	0	0	0	0	0	0	
256.030567	8	3	3	0	1	2	2	4198	71	30	15407	5	2	37	0	0	0	0	0	0	0	0	0	0	0	0	0	0	
257.029917	8	3	3	0	1	2	2	4198	68	30	15467	5	2	37	0	0	0	0	0	0	0	0	0	0	0	0	0	0	
257.459033	8	6	3	0	2	7	1	4017	-1350	30	15493	5	3	0	0	0	0	0	0	0	0	0	0	0	0	0	0	0	
258.017767	8	6	3	0	2	7	1	3957	-1350	30	15527	5	3	0	0	0	0	0	0	0	0	0	0	0	0	0	0	0	
259.020000	8	6	3	0	2	7	1	3872	-1349	30	15587	5	3	2	0	0	0	0	0	0	0	0	0	0	0	0	0	0	
260.023683	8	6	3	0	2	7	1	3781	-1350	30	15647	5	3	4	0	0	0	0	0	0	0	0	0	0	0	0	0	0	
261.024483	8	6	3	0	2	7	1	3725	-1349	30	15707	5	3	5	0	0	0	0	0	0	0	0	0	0	0	0	0	0	
262.026717	8	6	3	0	2	7	1	3680	-1348	30	15767	5	3	7	0	0	0	0	0	0	0	0	0	0	0	0	0	0	
263.034717	8	6	3	0	2	7	1	3639	-1349	30	15828	5	3	9	0	0	0	0	0	0	0	0	0	0	0	0	0	0	
264.019683	8	6	3	0	2	7	1	3603	-1350	30	15887	5	3	10	0	0	0	0	0	0	0	0	0	0	0	0	0	0	
265.023367	8	6	3	0	2	7	1	3569	-1349	30	15947	5	3	12	0	0	0	0	0	0	0	0	0	0	0	0	0	0	
266.024167	8	6	3	0	2	7	1	3538	-1350	30	16007	5	3	14	0	0	0	0	0	0	0	0	0	0	0	0	0	0	
267.024967	8	6	3	0	2	7	1	3509	-1350	30	16067	5	3	15	0	0	0	0	0	0	0	0	0	0	0	0	0	0	
268.025767	8	6	3	0	2	7	1	3484	-1349	30	16127	5	3	17	0	0	0	0	0	0	0	0	0	0	0	0	0	0	
269.029433	8	6	3	0	2	7	1	3461	-1349	30	16187	5	3	19	0	0	0	0	0	0	0	0	0	0	0	0	0	0	
270.030233	8	6	3	0	2	7	1	3439	-1350	30	16247	5	3	20	0	0	0	0	0	0	0	0	0	0	0	0	0	0	
271.035367	8	6	3	0	2	7	1	3415	-1350	30	16308	5	3	22	0	0	0	0	0	0	0	0	0	0	0	0	0	0	
272.017433	8	6	3	0	2	7	1	3390	-1351	30	16367	5	3	24	0	0	0	0	0	0	0	0	0	0	0	0	0	0	
273.018233	8	6	3	0	2	7	1	3363	-1349	30	16427	5	3	25	0	0	0	0	0	0	0	0	0	0	0	0	0	0	
274.019033	8	6	3	0	2	7	1	3331	-1349	30	16487	5	3	27	0	0	0	0	0	0	0	0	0	0	0	0	0	0	
275.019833	8	6	3	0	2	7	1	3289	-1349	30	16547	5	3	28	0	0	0	0	0	0	0	0	0	0	0	0	0	0	
276.022083	8	6	3	0	2	7	1	3231	-1349	30	16607	5	3	30	0	0	0	0	0	0	0	0	0	0	0	0	0	0	
277.028633	8	6	3	0	2	7	1	3147	-1349	30	16667	5	3	32	0	0	0	0	0	0	0	0	0	0	0	0	0	0	
278.032317	8	6	3	0	2	7	1	3023	-1349	30	16727	5	3	33	0	0	0	0	0	0	0	0	0	0	0	0	0	0	
279.033117	8	6	3	0	2	7	1	2838	-1350	30	16788	5	3	35	0	0	0	0	0	0	0	0	0	0	0	0	0	0	
279.691200	8	15	3	0	1	31	2	2796	10	30	16827	6	3	36	0	0	0	0	0	0	0	0	0	0	0	0	0	0	
279.715683	8	3	3	0	1	2	2	3477	677	30	16828	7	3	36	0	0	0	0	0	0	0	0	0	0	0	0	0	0	
280.020967	8	3	3	0	1	2	2	3800	674	30	16847	7	3	36	0	0	0	0	0	0	0	0	0	0	0	0	0	0	
281.026083	8	3	3	0	1	2	2	3901	675	30	16907	7	3	36	0	0	0	0	0	0	0	0	0	0	0	0	0	0	
282.026883	8	3	3	0	1	2	2	3940	675	30	16967	7	3	36	0	0	0	0	0	0	0	0	0	0	0	0	0	0	
283.034883	8	3	3	0	1	2	2	3968	675	30	17028	7	3	36	0	0	0	0	0	0	0	0	0	0	0	0	0	0	
284.021283	8	3	3	0	1	2	2	3987	676	30	17087	7	3	36	0	0	0	0	0	0	0	0	0	0	0	0	0	0	
285.024967	8	3	3	0	1	2	2	4001	674	30	17147	7	3	36	0	0	0	0	0	0	0	0	0	0	0	0	0	0	
286.025767	8	3	3	0	1	2	2	4014	675	30	17207	7	3	36	0	0	0	0	0	0	0	0	0	0	0	0	0	0	
287.026567	8	3	3	0	1	2	2	4024	674	30	17267	7	3	36	0	0	0	0	0	0	0	0	0	0	0	0	0	0	
288.027367	8	3	3	0	1	2	2	4034	674	30	17327	7	3	36	0	0	0	0	0	0	0	0	0	0	0	0	0	0	
289.028167	8	3	3	0	1	2	2	4043	676	30	17387	7	3	36	0	0	0	0	0	0	0	0	0	0	0	0	0	0	
290.031833	8	3	3	0	1	2	2	4051	675	30	17447	7	3	36	0	0	0	0	0	0	0	0	0	0	0	0	0	0	
291.022567	8	3	3	0	1	2	2	4060	675	30	17507	7	3	36	0	0	0	0	0	0	0	0	0	0	0	0	0	0	
292.026233	8	3	3	0	1	2	2	4069	675	30	17567	7	3	36	0	0	0	0	0	0	0	0	0	0	0	0	0	0	
293.027033	8	3	3	0	1	2	2	4076	674	30	17627	7	3	36	0	0	0	0	0	0	0	0	0	0	0	0	0	0	
294.029283	8	3	3	0	1	2	2	4084	674	30	17687	7	3	36	0	0	0	0	0	0	0	0	0	0	0	0	0	0	
295.034400	8	3	3	0	1	2	2	4092	674	30	17748	7	3	36	0	0	0	0	0	0	0	0	0	0	0	0	0	0	
296.020800	8	3	3	0	1	2	2	4100	674	30	17807	7	3	36	0	0	0	0	0	0	0	0	0	0	0	0	0	0	
297.020167	8	3	3	0	1	2	2	4108	675	30	17867	7	3	36	0	0	0	0	0	0	0	0	0	0	0	0	0	0	
298.020967	8	3	3	0	1	2	2	4116	674	30	17927	7	3	36	0	0	0	0	0	0	0	0	0	0	0	0	0	0	
299.021767	8	3	3	0	1	2	2	4122	665	30	17987	7	3	36	0	0	0	0	0	0	0	0	0	0	0	0	0	0	
300.026883	8	3	3	0	1	2	2	4130	662	30	18047	7	3	36	0	0	0	0	0	0	0	0	0	0	0	0	0	0	
301.026233	8	3	3	0	1	2	2	4138	663	30	18107	7	3	36	0	0	0	0	0	0	0	0	0	0	0	0	0	0	
302.027033	8	3	3	0	1	2	2	4145	661	30	18167	7	3	36	0	0	0	0	0	0	0	0	0	0	0	0	0	0	
303.027833	8	3	3	0	1	2	2	4153	657	30	18227	7	3	36	0	0	0	0	0	0	0	0	0	0	0	0	0	0	
304.028633	8	3	3	0	1	2	2	4161	656	30	18287	7	3	36	0	0	0	0	0	0	0	0	0	0	0	0	0	0	
305.036633	8	3	3	0	1	2	2	4170	654	30	18348	7	3	36	0	0	0	0	0	0	0	0	0	0	0	0	0	0	
306.027367	8	3	3	0	1	2	2	4178	656	30	18407	7	3	36	0	0	0	0	0	0	0	0	0	0	0	0	0	0	
307.028167	8	3	3	0	1	2	2	4187	659	30	18467	7	3	36	0	0	0	0	0	0	0	0	0	0	0	0	0	0	
308.028967	8	3	3	0	1	2	2	4196	657	30	18527	7	3	36	0	0	0	0	0	0	0	0	0	0	0	0	0	0	
309.029767	8	3	3	0	1	2	2	4198	625	30	18587	7	3	36	0	0	0	0	0	0	0	0	0	0	0	0	0	0	
310.033433	8	3	3	0	1	2	2	4198	585	30	18647	7	3	36	0	0	0	0	0	0	0	0	0	0	0	0	0	0	
311.034233	8	3	3	0	1	2	2	4198	548	30	18707	7	3	36	0	0	0	0	0	0	0	0	0	0	0	0	0	0	
312.033600	8	3	3	0	1	2	2	4199	515	30	18767	7	3	36	0	0	0	0	0	0	0	0	0	0	0	0	0	0	
313.034400	8	3	3	0	1	2	2	4198	485	30	18827	7	3	36	0	0	0	0	0	0	0	0	0	0	0	0	0	0	
314.035200	8	3	3	0	1	2	2	4198	457	30	18888	7	3	36	0	0	0	0	0	0	0	0	0	0	0	0	0	0	
315.020167	8	3	3	0	1	2	2	4198	432	30	18947	7	3	36	0	0	0	0	0	0	0	0	0	0	0	0	0	0	
316.020967	8	3	3	0	1	2	2	4198	408	30	19007	7	3	36	0	0	0	0	0	0	0	0	0	0	0	0	0	0	
317.023200	8	3	3	0	1	2	2	4199	389	30	19067	7	3	36	0	0	0	0	0	0	0	0	0	0	0	0	0	0	
318.032633	8	3	3	0	1	2	2	4199	367	30	19127	7	3	36	0	0	0	0	0	0	0	0	0	0	0	0	0	0	
319.021917	8	3	3	0	1	2	2	4199	344	30	19187	7	3	36	0	0	0	0	0	0	0	0	0	0	0	0	0	0	
320.022717	8	3	3	0	1	2	2	4198	326	30	19247	7	3	36	0	0	0	0	0	0	0	0	0	0	0	0	0	0	
321.023517	8	3	3	0	1	2	2	4199	309	30	19307	7	3	36	0	0	0	0	0	0	0	0	0	0	0	0	0	0	
322.022883	8	3	3	0	1	2	2	4199	293	30	19367	7	3	36	0	0	0	0	0	0	0	0	0	0	0	0	0	0	
323.023683	8	3	3	0	1	2	2	4199	278	30	19427	7	3	36	0	0	0	0	0	0	0	0	0	0	0	0	0	0	
324.027367	8	3	3	0	1	2	2	4198	264	30	19487	7	3	36	0	0	0	0	0	0	0	0	0	0	0	0	0	0	
325.028167	8	3	3	0	1	2	2	4198	251	30	19547	7	3	36	0	0	0	0	0	0	0	0	0	0	0	0	0	0	
326.028967	8	3	3	0	1	2	2	4198	239	30	19607	7	3	36	0	0	0	0	0	0	0	0	0	0	0	0	0	0	
327.029767	8	3	3	0	1	2	2	4198	227	30	19667	7	3	36	0	0	0	0	0	0	0	0	0	0	0	0	0	0	
328.030567	8	3	3	0	1	2	2	4198	216	30	19727	7	3	36	0	0	0	0	0	0	0	0	0	0	0	0	0	0	
329.037117	8	3	3	0	1	2	2	4199	207	30	19788	7	3	36	0	0	0	0	0	0	0	0	0	0	0	0	0	0	
330.024967	8	3	3	0	1	2	2	4198	194	30	19847	7	3	36	0	0	0	0	0	0	0	0	0	0	0	0	0	0	
331.030083	8	3	3	0	1	2	2	4198	187	30	19907	7	3	36	0	0	0	0	0	0	0	0	0	0	0	0	0	0	
332.030883	8	3	3	0	1	2	2	4198	176	30	19967	7	3	36	0	0	0	0	0	0	0	0	0	0	0	0	0	0	
333.038883	8	3	3	0	1	2	2	4198	166	30	20028	7	3	36	0	0	0	0	0	0	0	0	0	0	0	0	0	0	
334.023833	8	3	3	0	1	2	2	4199	161	30	20087	7	3	36	0	0	0	0	0	0	0	0	0	0	0	0	0	0	
335.024633	8	3	3	0	1	2	2	4198	152	30	20147	7	3	36	0	0	0	0	0	0	0	0	0	0	0	0	0	0	
336.024000	8	3	3	0	1	2	2	4198	145	30	20207	7	3	36	0	0	0	0	0	0	0	0	0	0	0	0	0	0	
337.029117	8	3	3	0	1	2	2	4199	138	30	20267	7	3	36	0	0	0	0	0	0	0	0	0	0	0	0	0	0	
338.029917	8	3	3	0	1	2	2	4198	131	30	20327	7	3	36	0	0	0	0	0	0	0	0	0	0	0	0	0	0	
339.030717	8	3	3	0	1	2	2	4199	125	30	20387	7	3	36	0	0	0	0	0	0	0	0	0	0	0	0	0	0	
340.031517	8	3	3	0	1	2	2	4198	120	30	20447	7	3	36	0	0	0	0	0	0	0	0	0	0	0	0	0	0	
341.039517	8	3	3	0	1	2	2	4199	114	30	20508	7	3	36	0	0	0	0	0	0	0	0	0	0	0	0	0	0	
342.024483	8	3	3	0	1	2	2	4198	109	30	20567	7	3	36	0	0	0	0	0	0	0	0	0	0	0	0	0	0	
343.025283	8	3	3	0	1	2	2	4198	102	30	20627	7	3	36	0	0	0	0	0	0	0	0	0	0	0	0	0	0	
344.026083	8	3	3	0	1	2	2	4198	100	30	20687	7	3	36	0	0	0	0	0	0	0	0	0	0	0	0	0	0	
345.029767	8	3	3	0	1	2	2	4198	94	30	20747	7	3	36	0	0	0	0	0	0	0	0	0	0	0	0	0	0	
346.030567	8	3	3	0	1	2	2	4198	89	30	20807	7	3	36	0	0	0	0	0	0	0	0	0	0	0	0	0	0	
347.040000	8	3	3	0	1	2	2	4198	85	30	20868	7	3	36	0	0	0	0	0	0	0	0	0	0	0	0	0	0	
348.024967	8	3	3	0	1	2	2	4198	82	30	20927	7	3	36	0	0	0	0	0	0	0	0	0	0	0	0	0	0	
349.025767	8	3	3	0	1	2	2	4198	80	30	20987	7	3	36	0	0	0	0	0	0	0	0	0	0	0	0	0	0	
350.026567	8	3	3	0	1	2	2	4198	75	30	21047	7	3	36	0	0	0	0	0	0	0	0	0	0	0	0	0	0	
351.030233	8	3	3	0	1	2	2	4199	73	30	21107	7	3	36	0	0	0	0	0	0	0	0	0	0	0	0	0	0	
352.031033	8	3	3	0	1	2	2	4199	72	30	21167	7	3	36	0	0	0	0	0	0	0	0	0	0	0	0	0	0	
352.955517	8	6	3	0	2	7	1	4019	-1348	30	21223	7	4	0	0	0	0	0	0	0	0	0	0	0	0	0	0	0	
353.033283	8	6	3	0	2	7	1	4001	-1347	30	21227	7	4	0	0	0	0	0	0	0	0	0	0	0	0	0	0	0	
354.038400	8	6	3	0	2	7	1	3917	-1349	30	21287	7	4	1	0	0	0	0	0	0	0	0	0	0	0	0	0	0	
355.037767	8	6	3	0	2	7	1	3816	-1350	30	21347	7	4	3	0	0	0	0	0	0	0	0	0	0	0	0	0	0	
356.038567	8	6	3	0	2	7	1	3749	-1350	30	21408	7	4	5	0	0	0	0	0	0	0	0	0	0	0	0	0	0	
357.023517	8	6	3	0	2	7	1	3701	-1349	30	21467	7	4	6	0	0	0	0	0	0	0	0	0	0	0	0	0	0	
358.024317	8	6	3	0	2	7	1	3657	-1349	30	21527	7	4	8	0	0	0	0	0	0	0	0	0	0	0	0	0	0	
359.025117	8	6	3	0	2	7	1	3618	-1351	30	21587	7	4	9	0	0	0	0	0	0	0	0	0	0	0	0	0	0	
360.025917	8	6	3	0	2	7	1	3582	-1350	30	21647	7	4	11	0	0	0	0	0	0	0	0	0	0	0	0	0	0	
361.036800	8	6	3	0	2	7	1	3548	-1349	30	21707	7	4	13	0	0	0	0	0	0	0	0	0	0	0	0	0	0	
362.037600	8	6	3	0	2	7	1	3520	-1350	30	21767	7	4	14	0	0	0	0	0	0	0	0	0	0	0	0	0	0	
363.038400	8	6	3	0	2	7	1	3493	-1349	30	21827	7	4	16	0	0	0	0	0	0	0	0	0	0	0	0	0	0	
364.040633	8	6	3	0	2	7	1	3468	-1350	30	21888	7	4	18	0	0	0	0	0	0	0	0	0	0	0	0	0	0	
365.025600	8	6	3	0	2	7	1	3445	-1349	30	21947	7	4	19	0	0	0	0	0	0	0	0	0	0	0	0	0	0	
366.026400	8	6	3	0	2	7	1	3421	-1350	30	22007	7	4	21	0	0	0	0	0	0	0	0	0	0	0	0	0	0	
367.027200	8	6	3	0	2	7	1	3398	-1347	30	22067	7	4	23	0	0	0	0	0	0	0	0	0	0	0	0	0	0	
368.030883	8	6	3	0	2	7	1	3372	-1349	30	22127	7	4	24	0	0	0	0	0	0	0	0	0	0	0	0	0	0	
369.031683	8	6	3	0	2	7	1	3341	-1349	30	22187	7	4	26	0	0	0	0	0	0	0	0	0	0	0	0	0	0	
370.032483	8	6	3	0	2	7	1	3302	-1350	30	22247	7	4	28	0	0	0	0	0	0	0	0	0	0	0	0	0	0	
371.033283	8	6	3	0	2	7	1	3247	-1350	30	22307	7	4	29	0	0	0	0	0	0	0	0	0	0	0	0	0	0	
372.034083	8	6	3	0	2	7	1	3171	-1349	30	22367	7	4	31	0	0	0	0	0	0	0	0	0	0	0	0	0	0	
373.037767	8	6	3	0	2	7	1	3065	-1348	30	22427	7	4	33	0	0	0	0	0	0	0	0	0	0	0	0	0	0	
374.038567	8	6	3	0	2	7	1	2901	-1350	30	22487	7	4	34	0	0	0	0	0	0	0	0	0	0	0	0	0	0	
374.987517	8	15	3	0	1	31	2	2797	9	30	22544	8	4	36	0	0	0	0	0	0	0	0	0	0	0	0	0	0	
375.010567	8	3	3	0	1	2	2	3470	674	30	22546	9	4	36	0	0	0	0	0	0	0	0	0	0	0	0	0	0	
375.030717	8	3	3	0	1	2	2	3582	677	30	22547	9	4	36	0	0	0	0	0	0	0	0	0	0	0	0	0	0	
376.038717	8	3	3	0	1	2	2	3887	674	30	22607	9	4	36	0	0	0	0	0	0	0	0	0	0	0	0	0	0	
377.039517	8	3	3	0	1	2	2	3934	676	30	22667	9	4	36	0	0	0	0	0	0	0	0	0	0	0	0	0	0	
378.040317	8	3	3	0	1	2	2	3963	675	30	22727	9	4	36	0	0	0	0	0	0	0	0	0	0	0	0	0	0	
379.041117	8	3	3	0	1	2	2	3984	674	30	22788	9	4	36	0	0	0	0	0	0	0	0	0	0	0	0	0	0	
380.026083	8	3	3	0	1	2	2	4000	674	30	22847	9	4	36	0	0	0	0	0	0	0	0	0	0	0	0	0	0	
381.026883	8	3	3	0	1	2	2	4012	673	30	22907	9	4	36	0	0	0	0	0	0	0	0	0	0	0	0	0	0	
382.027683	8	3	3	0	1	2	2	4024	674	30	22967	9	4	36	0	0	0	0	0	0	0	0	0	0	0	0	0	0	
383.028483	8	3	3	0	1	2	2	4033	674	30	23027	9	4	36	0	0	0	0	0	0	0	0	0	0	0	0	0	0	
384.027833	8	3	3	0	1	2	2	4043	675	30	23087	9	4	36	0	0	0	0	0	0	0	0	0	0	0	0	0	0	
385.032967	8	3	3	0	1	2	2	4051	676	30	23147	9	4	36	0	0	0	0	0	0	0	0	0	0	0	0	0	0	
386.032317	8	3	3	0	1	2	2	4060	674	30	23207	9	4	36	0	0	0	0	0	0	0	0	0	0	0	0	0	0	
387.036000	8	3	3	0	1	2	2	4068	675	30	23267	9	4	36	0	0	0	0	0	0	0	0	0	0	0	0	0	0	
388.041117	8	3	3	0	1	2	2	4076	674	30	23328	9	4	36	0	0	0	0	0	0	0	0	0	0	0	0	0	0	
389.028967	8	3	3	0	1	2	2	4084	674	30	23387	9	4	36	0	0	0	0	0	0	0	0	0	0	0	0	0	0	
390.032633	8	3	3	0	1	2	2	4092	676	30	23447	9	4	36	0	0	0	0	0	0	0	0	0	0	0	0	0	0	
391.033433	8	3	3	0	1	2	2	4100	674	30	23507	9	4	36	0	0	0	0	0	0	0	0	0	0	0	0	0	0	
392.034233	8	3	3	0	1	2	2	4108	675	30	23567	9	4	36	0	0	0	0	0	0	0	0	0	0	0	0	0	0	
393.035033	8	3	3	0	1	2	2	4116	674	30	23627	9	4	36	0	0	0	0	0	0	0	0	0	0	0	0	0	0	
394.035833	8	3	3	0	1	2	2	4122	664	30	23687	9	4	36	0	0	0	0	0	0	0	0	0	0	0	0	0	0	
395.039517	8	3	3	0	1	2	2	4130	662	30	23747	9	4	36	0	0	0	0	0	0	0	0	0	0	0	0	0	0	
396.040317	8	3	3	0	1	2	2	4138	659	30	23807	9	4	36	0	0	0	0	0	0	0	0	0	0	0	0	0	0	
397.041117	8	3	3	0	1	2	2	4146	659	30	23867	9	4	36	0	0	0	0	0	0	0	0	0	0	0	0	0	0	
398.041917	8	3	3	0	1	2	2	4154	657	30	23927	9	4	36	0	0	0	0	0	0	0	0	0	0	0	0	0	0	
399.028317	8	3	3	0	1	2	2	4161	654	30	23987	9	4	36	0	0	0	0	0	0	0	0	0	0	0	0	0	0	
400.029117	8	3	3	0	1	2	2	4169	653	30	24047	9	4	36	0	0	0	0	0	0	0	0	0	0	0	0	0	0	
401.029917	8	3	3	0	1	2	2	4177	649	30	24107	9	4	36	0	0	0	0	0	0	0	0	0	0	0	0	0	0	
402.029283	8	3	3	0	1	2	2	4185	650	30	24167	9	4	36	0	0	0	0	0	0	0	0	0	0	0	0	0	0	
403.038717	8	3	3	0	1	2	2	4194	648	30	24227	9	4	36	0	0	0	0	0	0	0	0	0	0	0	0	0	0	
404.043833	8	3	3	0	1	2	2	4198	624	30	24288	9	4	36	0	0	0	0	0	0	0	0	0	0	0	0	0	0	
405.028800	8	3	3	0	1	2	2	4198	583	30	24347	9	4	36	0	0	0	0	0	0	0	0	0	0	0	0	0	0	
406.029600	8	3	3	0	1	2	2	4199	547	30	24407	9	4	36	0	0	0	0	0	0	0	0	0	0	0	0	0	0	
407.028967	8	3	3	0	1	2	2	4198	513	30	24467	9	4	36	0	0	0	0	0	0	0	0	0	0	0	0	0	0	
408.029767	8	3	3	0	1	2	2	4198	483	30	24527	9	4	36	0	0	0	0	0	0	0	0	0	0	0	0	0	0	
409.030567	8	3	3	0	1	2	2	4199	454	30	24587	9	4	36	0	0	0	0	0	0	0	0	0	0	0	0	0	0	
410.035683	8	3	3	0	1	2	2	4199	430	30	24647	9	4	36	0	0	0	0	0	0	0	0	0	0	0	0	0	0	
411.036483	8	3	3	0	1	2	2	4199	404	30	24707	9	4	36	0	0	0	0	0	0	0	0	0	0	0	0	0	0	
412.041600	8	3	3	0	1	2	2	4198	381	30	24767	9	4	36	0	0	0	0	0	0	0	0	0	0	0	0	0	0	
413.042400	8	3	3	0	1	2	2	4198	360	30	24827	9	4	36	0	0	0	0	0	0	0	0	0	0	0	0	0	0	
414.043200	8	3	3	0	1	2	2	4199	340	30	24887	9	4	36	0	0	0	0	0	0	0	0	0	0	0	0	0	0	
415.044000	8	3	3	0	1	2	2	4198	322	30	24948	9	4	36	0	0	0	0	0	0	0	0	0	0	0	0	0	0	
416.030400	8	3	3	0	1	2	2	4199	310	30	25007	9	4	36	0	0	0	0	0	0	0	0	0	0	0	0	0	0	
417.031200	8	3	3	0	1	2	2	4198	290	30	25067	9	4	36	0	0	0	0	0	0	0	0	0	0	0	0	0	0	
418.034883	8	3	3	0	1	2	2	4198	275	30	25127	9	4	36	0	0	0	0	0	0	0	0	0	0	0	0	0	0	
419.035683	8	3	3	0	1	2	2	4199	263	30	25187	9	4	36	0	0	0	0	0	0	0	0	0	0	0	0	0	0	
420.036483	8	3	3	0	1	2	2	4199	250	30	25247	9	4	36	0	0	0	0	0	0	0	0	0	0	0	0	0	0	
421.037283	8	3	3	0	1	2	2	4198	237	30	25307	9	4	36	0	0	0	0	0	0	0	0	0	0	0	0	0	0	
422.035200	8	3	3	0	1	2	2	4199	228	30	25367	9	4	36	0	0	0	0	0	0	0	0	0	0	0	0	0	0	
423.036000	8	3	3	0	1	2	2	4198	214	30	25427	9	4	36	0	0	0	0	0	0	0	0	0	0	0	0	0	0	
424.036800	8	3	3	0	1	2	2	4199	203	30	25487	9	4	36	0	0	0	0	0	0	0	0	0	0	0	0	0	0	
425.037600	8	3	3	0	1	2	2	4199	193	30	25547	9	4	36	0	0	0	0	0	0	0	0	0	0	0	0	0	0	
426.042717	8	3	3	0	1	2	2	4198	184	30	25607	9	4	36	0	0	0	0	0	0	0	0	0	0	0	0	0	0	
427.043517	8	3	3	0	1	2	2	4199	176	30	25667	9	4	36	0	0	0	0	0	0	0	0	0	0	0	0	0	0	
428.042883	8	3	3	0	1	2	2	4198	166	30	25727	9	4	36	0	0	0	0	0	0	0	0	0	0	0	0	0	0	
429.043683	8	3	3	0	1	2	2	4199	159	30	25787	9	4	36	0	0	0	0	0	0	0	0	0	0	0	0	0	0	
430.044483	8	3	3	0	1	2	2	4199	155	30	25848	9	4	36	0	0	0	0	0	0	0	0	0	0	0	0	0	0	
431.033767	8	3	3	0	1	2	2	4198	144	30	25907	9	4	36	0	0	0	0	0	0	0	0	0	0	0	0	0	0	
432.037433	8	3	3	0	1	2	2	4198	138	30	25967	9	4	36	0	0	0	0	0	0	0	0	0	0	0	0	0	0	
433.038233	8	3	3	0	1	2	2	4199	132	30	26027	9	4	36	0	0	0	0	0	0	0	0	0	0	0	0	0	0	
434.039033	8	3	3	0	1	2	2	4199	125	30	26087	9	4	36	0	0	0	0	0	0	0	0	0	0	0	0	0	0	
435.039833	8	3	3	0	1	2	2	4198	120	30	26147	9	4	36	0	0	0	0	0	0	0	0	0	0	0	0	0	0	
436.043517	8	3	3	0	1	2	2	4198	114	30	26207	9	4	36	0	0	0	0	0	0	0	0	0	0	0	0	0	0	
437.044317	8	3	3	0	1	2	2	4198	109	30	26267	9	4	36	0	0	0	0	0	0	0	0	0	0	0	0	0	0	
438.045117	8	3	3	0	1	2	2	4198	104	30	26327	9	4	36	0	0	0	0	0	0	0	0	0	0	0	0	0	0	
439.045917	8	3	3	0	1	2	2	4198	99	30	26388	9	4	36	0	0	0	0	0	0	0	0	0	0	0	0	0	0	
440.030883	8	3	3	0	1	2	2	4199	95	30	26447	9	4	36	0	0	0	0	0	0	0	0	0	0	0	0	0	0	
441.031683	8	3	3	0	1	2	2	4198	91	30	26507	9	4	36	0	0	0	0	0	0	0	0	0	0	0	0	0	0	
442.032483	8	3	3	0	1	2	2	4199	87	30	26567	9	4	36	0	0	0	0	0	0	0	0	0	0	0	0	0	0	
443.033283	8	3	3	0	1	2	2	4198	84	30	26627	9	4	36	0	0	0	0	0	0	0	0	0	0	0	0	0	0	
444.031200	8	3	3	0	1	2	2	4199	84	30	26687	9	4	36	0	0	0	0	0	0	0	0	0	0	0	0	0	0	
445.032000	8	3	3	0	1	2	2	4199	78	30	26747	9	4	36	0	0	0	0	0	0	0	0	0	0	0	0	0	0	
446.032800	8	3	3	0	1	2	2	4198	73	30	26807	9	4	36	0	0	0	0	0	0	0	0	0	0	0	0	0	0	
447.033600	8	3	3	0	1	2	2	4199	71	30	26867	9	4	36	0	0	0	0	0	0	0	0	0	0	0	0	0	0	
448.034400	8	3	3	0	1	2	2	4198	67	30	26927	9	4	36	0	0	0	0	0	0	0	0	0	0	0	0	0	0	
448.210083	8	6	3	0	2	7	1	4124	-562	30	26937	9	5	0	0	0	0	0	0	0	0	0	0	0	0	0	0	0	
449.039517	8	6	3	0	2	7	1	3937	-1348	30	26987	9	5	1	0	0	0	0	0	0	0	0	0	0	0	0	0	0	
450.040317	8	6	3	0	2	7	1	3842	-1350	30	27047	9	5	3	0	0	0	0	0	0	0	0	0	0	0	0	0	0	
451.044000	8	6	3	0	2	7	1	3759	-1350	30	27107	9	5	4	0	0	0	0	0	0	0	0	0	0	0	0	0	0	
452.044800	8	6	3	0	2	7	1	3706	-1349	30	27167	9	5	6	0	0	0	0	0	0	0	0	0	0	0	0	0	0	
453.045600	8	6	3	0	2	7	1	3662	-1349	30	27227	9	5	7	0	0	0	0	0	0	0	0	0	0	0	0	0	0	
454.046400	8	6	3	0	2	7	1	3622	-1348	30	27287	9	5	9	0	0	0	0	0	0	0	0	0	0	0	0	0	0	
455.050083	8	6	3	0	2	7	1	3586	-1348	30	27348	9	5	11	0	0	0	0	0	0	0	0	0	0	0	0	0	0	
456.035033	8	6	3	0	2	7	1	3553	-1349	30	27407	9	5	12	0	0	0	0	0	0	0	0	0	0	0	0	0	0	
457.044483	8	6	3	0	2	7	1	3522	-1349	30	27467	9	5	14	0	0	0	0	0	0	0	0	0	0	0	0	0	0	
458.046717	8	6	3	0	2	7	1	3495	-1348	30	27528	9	5	16	0	0	0	0	0	0	0	0	0	0	0	0	0	0	
459.033117	8	6	3	0	2	7	1	3472	-1350	30	27587	9	5	17	0	0	0	0	0	0	0	0	0	0	0	0	0	0	
460.033917	8	6	3	0	2	7	1	3450	-1349	30	27647	9	5	19	0	0	0	0	0	0	0	0	0	0	0	0	0	0	
461.034717	8	6	3	0	2	7	1	3427	-1349	30	27707	9	5	21	0	0	0	0	0	0	0	0	0	0	0	0	0	0	
462.038400	8	6	3	0	2	7	1	3401	-1350	30	27767	9	5	22	0	0	0	0	0	0	0	0	0	0	0	0	0	0	
463.039200	8	6	3	0	2	7	1	3377	-1349	30	27827	9	5	24	0	0	0	0	0	0	0	0	0	0	0	0	0	0	
464.040000	8	6	3	0	2	7	1	3347	-1348	30	27887	9	5	26	0	0	0	0	0	0	0	0	0	0	0	0	0	0	
465.040800	8	6	3	0	2	7	1	3310	-1351	30	27947	9	5	27	0	0	0	0	0	0	0	0	0	0	0	0	0	0	
466.041600	8	6	3	0	2	7	1	3255	-1349	30	28007	9	5	29	0	0	0	0	0	0	0	0	0	0	0	0	0	0	
467.040967	8	6	3	0	2	7	1	3181	-1349	30	28067	9	5	31	0	0	0	0	0	0	0	0	0	0	0	0	0	0	
468.046083	8	6	3	0	2	7	1	3075	-1350	30	28127	9	5	32	0	0	0	0	0	0	0	0	0	0	0	0	0	0	
469.036800	8	6	3	0	2	7	1	2910	-1350	30	28187	9	5	34	0	0	0	0	0	0	0	0	0	0	0	0	0	0	
470.021767	8	15	3	0	1	31	2	3340	404	30	28246	11	5	36	0	0	0	0	0	0	0	0	0	0	0	0	0	0	
470.041917	8	3	3	0	1	2	2	3563	675	30	28247	11	5	36	0	0	0	0	0	0	0	0	0	0	0	0	0	0	
471.047033	8	3	3	0	1	2	2	3889	675	30	28307	11	5	36	0	0	0	0	0	0	0	0	0	0	0	0	0	0	
472.033433	8	3	3	0	1	2	2	3935	674	30	28367	11	5	36	0	0	0	0	0	0	0	0	0	0	0	0	0	0	
473.040000	8	3	3	0	1	2	2	3966	674	30	28427	11	5	36	0	0	0	0	0	0	0	0	0	0	0	0	0	0	
474.040800	8	3	3	0	1	2	2	3987	675	30	28487	11	5	36	0	0	0	0	0	0	0	0	0	0	0	0	0	0	
475.040167	8	3	3	0	1	2	2	4003	674	30	28547	11	5	36	0	0	0	0	0	0	0	0	0	0	0	0	0	0	
476.040967	8	3	3	0	1	2	2	4015	675	30	28607	11	5	36	0	0	0	0	0	0	0	0	0	0	0	0	0	0	
477.041767	8	3	3	0	1	2	2	4027	676	30	28667	11	5	36	0	0	0	0	0	0	0	0	0	0	0	0	0	0	
478.042567	8	3	3	0	1	2	2	4036	673	30	28727	11	5	36	0	0	0	0	0	0	0	0	0	0	0	0	0	0	
479.046233	8	3	3	0	1	2	2	4046	674	30	28787	11	5	36	0	0	0	0	0	0	0	0	0	0	0	0	0	0	
480.048483	8	3	3	0	1	2	2	4054	675	30	28848	11	5	36	0	0	0	0	0	0	0	0	0	0	0	0	0	0	
481.037767	8	3	3	0	1	2	2	4063	675	30	28907	11	5	36	0	0	0	0	0	0	0	0	0	0	0	0	0	0	
482.041433	8	3	3	0	1	2	2	4071	676	30	28967	11	5	36	0	0	0	0	0	0	0	0	0	0	0	0	0	0	
483.042233	8	3	3	0	1	2	2	4080	674	30	29027	11	5	36	0	0	0	0	0	0	0	0	0	0	0	0	0	0	
484.043033	8	3	3	0	1	2	2	4088	675	30	29087	11	5	36	0	0	0	0	0	0	0	0	0	0	0	0	0	0	
485.046717	8	3	3	0	1	2	2	4095	674	30	29147	11	5	36	0	0	0	0	0	0	0	0	0	0	0	0	0	0	
486.048967	8	3	3	0	1	2	2	4104	675	30	29208	11	5	36	0	0	0	0	0	0	0	0	0	0	0	0	0	0	
487.038233	8	3	3	0	1	2	2	4112	674	30	29267	11	5	36	0	0	0	0	0	0	0	0	0	0	0	0	0	0	
488.041917	8	3	3	0	1	2	2	4118	666	30	29327	11	5	36	0	0	0	0	0	0	0	0	0	0	0	0	0	0	
489.042717	8	3	3	0	1	2	2	4126	664	30	29387	11	5	36	0	0	0	0	0	0	0	0	0	0	0	0	0	0	
490.043517	8	3	3	0	1	2	2	4134	662	30	29447	11	5	36	0	0	0	0	0	0	0	0	0	0	0	0	0	0	
491.042883	8	3	3	0	1	2	2	4142	663	30	29507	11	5	36	0	0	0	0	0	0	0	0	0	0	0	0	0	0	
492.050883	8	3	3	0	1	2	2	4149	659	30	29568	11	5	36	0	0	0	0	0	0	0	0	0	0	0	0	0	0	
493.035833	8	3	3	0	1	2	2	4157	657	30	29627	11	5	36	0	0	0	0	0	0	0	0	0	0	0	0	0	0	
494.036633	8	3	3	0	1	2	2	4166	657	30	29687	11	5	36	0	0	0	0	0	0	0	0	0	0	0	0	0	0	
495.037433	8	3	3	0	1	2	2	4173	653	30	29747	11	5	36	0	0	0	0	0	0	0	0	0	0	0	0	0	0	
496.041117	8	3	3	0	1	2	2	4182	654	30	29807	11	5	36	0	0	0	0	0	0	0	0	0	0	0	0	0	0	
497.041917	8	3	3	0	1	2	2	4190	654	30	29867	11	5	36	0	0	0	0	0	0	0	0	0	0	0	0	0	0	
498.042717	8	3	3	0	1	2	2	4198	649	30	29927	11	5	36	0	0	0	0	0	0	0	0	0	0	0	0	0	0	
499.043517	8	3	3	0	1	2	2	4198	602	30	29987	11	5	36	0	0	0	0	0	0	0	0	0	0	0	0	0	0	
500.052967	8	3	3	0	1	2	2	4199	562	30	30048	11	5	36	0	0	0	0	0	0	0	0	0	0	0	0	0	0	
501.037917	8	3	3	0	1	2	2	4198	530	30	30107	11	5	36	0	0	0	0	0	0	0	0	0	0	0	0	0	0	
502.041600	8	3	3	0	1	2	2	4198	497	30	30167	11	5	36	0	0	0	0	0	0	0	0	0	0	0	0	0	0	
503.043833	8	3	3	0	1	2	2	4199	471	30	30227	11	5	36	0	0	0	0	0	0	0	0	0	0	0	0	0	0	
504.044633	8	3	3	0	1	2	2	4198	441	30	30287	11	5	36	0	0	0	0	0	0	0	0	0	0	0	0	0	0	
505.048317	8	3	3	0	1	2	2	4199	417	30	30347	11	5	36	0	0	0	0	0	0	0	0	0	0	0	0	0	0	
506.049117	8	3	3	0	1	2	2	4198	394	30	30407	11	5	36	0	0	0	0	0	0	0	0	0	0	0	0	0	0	
507.049917	8	3	3	0	1	2	2	4198	371	30	30467	11	5	36	0	0	0	0	0	0	0	0	0	0	0	0	0	0	
508.050717	8	3	3	0	1	2	2	4198	351	30	30527	11	5	36	0	0	0	0	0	0	0	0	0	0	0	0	0	0	
509.035683	8	3	3	0	1	2	2	4199	332	30	30587	11	5	36	0	0	0	0	0	0	0	0	0	0	0	0	0	0	
510.036483	8	3	3	0	1	2	2	4199	316	30	30647	11	5	36	0	0	0	0	0	0	0	0	0	0	0	0	0	0	
511.037283	8	3	3	0	1	2	2	4198	299	30	30707	11	5	36	0	0	0	0	0	0	0	0	0	0	0	0	0	0	
512.038083	8	3	3	0	1	2	2	4198	284	30	30767	11	5	36	0	0	0	0	0	0	0	0	0	0	0	0	0	0	
513.038883	8	3	3	0	1	2	2	4198	270	30	30827	11	5	36	0	0	0	0	0	0	0	0	0	0	0	0	0	0	
514.046883	8	3	3	0	1	2	2	4199	256	30	30887	11	5	36	0	0	0	0	0	0	0	0	0	0	0	0	0	0	
515.052000	8	3	3	0	1	2	2	4198	243	30	30948	11	5	36	0	0	0	0	0	0	0	0	0	0	0	0	0	0	
516.036967	8	3	3	0	1	2	2	4198	232	30	31007	11	5	36	0	0	0	0	0	0	0	0	0	0	0	0	0	0	
517.037767	8	3	3	0	1	2	2	4199	221	30	31067	11	5	36	0	0	0	0	0	0	0	0	0	0	0	0	0	0	
518.038567	8	3	3	0	1	2	2	4198	211	30	31127	11	5	36	0	0	0	0	0	0	0	0	0	0	0	0	0	0	
519.037917	8	3	3	0	1	2	2	4198	199	30	31187	11	5	36	0	0	0	0	0	0	0	0	0	0	0	0	0	0	
520.038717	8	3	3	0	1	2	2	4199	191	30	31247	11	5	36	0	0	0	0	0	0	0	0	0	0	0	0	0	0	
521.042400	8	3	3	0	1	2	2	4198	182	30	31307	11	5	36	0	0	0	0	0	0	0	0	0	0	0	0	0	0	
522.043200	8	3	3	0	1	2	2	4198	172	30	31367	11	5	36	0	0	0	0	0	0	0	0	0	0	0	0	0	0	
523.044000	8	3	3	0	1	2	2	4199	163	30	31427	11	5	36	0	0	0	0	0	0	0	0	0	0	0	0	0	0	
524.044800	8	3	3	0	1	2	2	4199	155	30	31487	11	5	36	0	0	0	0	0	0	0	0	0	0	0	0	0	0	
525.045600	8	3	3	0	1	2	2	4198	148	30	31547	11	5	36	0	0	0	0	0	0	0	0	0	0	0	0	0	0	
526.047833	8	3	3	0	1	2	2	4199	144	30	31607	11	5	36	0	0	0	0	0	0	0	0	0	0	0	0	0	0	
527.052967	8	3	3	0	1	2	2	4199	138	30	31668	11	5	36	0	0	0	0	0	0	0	0	0	0	0	0	0	0	
528.037917	8	3	3	0	1	2	2	4199	128	30	31727	11	5	36	0	0	0	0	0	0	0	0	0	0	0	0	0	0	
529.038717	8	3	3	0	1	2	2	4199	123	30	31787	11	5	36	0	0	0	0	0	0	0	0	0	0	0	0	0	0	
530.039517	8	3	3	0	1	2	2	4198	117	30	31847	11	5	36	0	0	0	0	0	0	0	0	0	0	0	0	0	0	
531.040317	8	3	3	0	1	2	2	4198	112	30	31907	11	5	36	0	0	0	0	0	0	0	0	0	0	0	0	0	0	
532.044000	8	3	3	0	1	2	2	4199	107	30	31967	11	5	36	0	0	0	0	0	0	0	0	0	0	0	0	0	0	
533.044800	8	3	3	0	1	2	2	4199	103	30	32027	11	5	36	0	0	0	0	0	0	0	0	0	0	0	0	0	0	
534.045600	8	3	3	0	1	2	2	4198	98	30	32087	11	5	36	0	0	0	0	0	0	0	0	0	0	0	0	0	0	
535.046400	8	3	3	0	1	2	2	4199	94	30	32147	11	5	36	0	0	0	0	0	0	0	0	0	0	0	0	0	0	
536.047200	8	3	3	0	1	2	2	4199	90	30	32207	11	5	36	0	0	0	0	0	0	0	0	0	0	0	0	0	0	
537.050883	8	3	3	0	1	2	2	4198	84	30	32267	11	5	36	0	0	0	0	0	0	0	0	0	0	0	0	0	0	
538.056000	8	3	3	0	1	2	2	4198	80	30	32328	11	5	36	0	0	0	0	0	0	0	0	0	0	0	0	0	0	
539.038083	8	3	3	0	1	2	2	4198	77	30	32387	11	5	36	0	0	0	0	0	0	0	0	0	0	0	0	0	0	
540.038883	8	3	3	0	1	2	2	4199	74	30	32447	11	5	36	0	0	0	0	0	0	0	0	0	0	0	0	0	0	
541.041117	8	3	3	0	1	2	2	4198	76	30	32507	11	5	36	0	0	0	0	0	0	0	0	0	0	0	0	0	0	
542.046233	8	3	3	0	1	2	2	4198	68	30	32567	11	5	36	0	0	0	0	0	0	0	0	0	0	0	0	0	0	
542.396167	8	6	3	0	2	7	1	4062	-1026	30	32588	11	6	0	0	0	0	0	0	0	0	0	0	0	0	0	0	0	
543.048483	8	6	3	0	2	7	1	3950	-1349	30	32627	11	6	0	0	0	0	0	0	0	0	0	0	0	0	0	0	0	
544.052167	8	6	3	0	2	7	1	3862	-1351	30	32687	11	6	2	0	0	0	0	0	0	0	0	0	0	0	0	0	0	
545.052967	8	6	3	0	2	7	1	3769	-1350	30	32747	11	6	4	0	0	0	0	0	0	0	0	0	0	0	0	0	0	
546.053767	8	6	3	0	2	7	1	3714	-1350	30	32807	11	6	5	0	0	0	0	0	0	0	0	0	0	0	0	0	0	
547.054567	8	6	3	0	2	7	1	3668	-1349	30	32868	11	6	7	0	0	0	0	0	0	0	0	0	0	0	0	0	0	
548.039517	8	6	3	0	2	7	1	3628	-1350	30	32927	11	6	9	0	0	0	0	0	0	0	0	0	0	0	0	0	0	
549.041767	8	6	3	0	2	7	1	3591	-1348	30	32987	11	6	10	0	0	0	0	0	0	0	0	0	0	0	0	0	0	
550.049767	8	6	3	0	2	7	1	3557	-1351	30	33047	11	6	12	0	0	0	0	0	0	0	0	0	0	0	0	0	0	
551.053433	8	6	3	0	2	7	1	3525	-1350	30	33107	11	6	14	0	0	0	0	0	0	0	0	0	0	0	0	0	0	
552.054233	8	6	3	0	2	7	1	3497	-1349	30	33168	11	6	15	0	0	0	0	0	0	0	0	0	0	0	0	0	0	
553.039200	8	6	3	0	2	7	1	3475	-1349	30	33227	11	6	17	0	0	0	0	0	0	0	0	0	0	0	0	0	0	
554.040000	8	6	3	0	2	7	1	3452	-1348	30	33287	11	6	19	0	0	0	0	0	0	0	0	0	0	0	0	0	0	
555.040800	8	6	3	0	2	7	1	3429	-1348	30	33347	11	6	20	0	0	0	0	0	0	0	0	0	0	0	0	0	0	
556.047367	8	6	3	0	2	7	1	3404	-1351	30	33407	11	6	22	0	0	0	0	0	0	0	0	0	0	0	0	0	0	
557.048167	8	6	3	0	2	7	1	3380	-1349	30	33467	11	6	24	0	0	0	0	0	0	0	0	0	0	0	0	0	0	
558.053283	8	6	3	0	2	7	1	3351	-1350	30	33527	11	6	25	0	0	0	0	0	0	0	0	0	0	0	0	0	0	
559.052633	8	6	3	0	2	7	1	3313	-1349	30	33587	11	6	27	0	0	0	0	0	0	0	0	0	0	0	0	0	0	
560.053433	8	6	3	0	2	7	1	3260	-1350	30	33647	11	6	29	0	0	0	0	0	0	0	0	0	0	0	0	0	0	
561.041283	8	6	3	0	2	7	1	3191	-1350	30	33707	11	6	30	0	0	0	0	0	0	0	0	0	0	0	0	0	0	
562.047833	8	6	3	0	2	7	1	3090	-1349	30	33767	11	6	32	0	0	0	0	0	0	0	0	0	0	0	0	0	0	
563.048633	8	6	3	0	2	7	1	2928	-1349	30	33827	11	6	34	0	0	0	0	0	0	0	0	0	0	0	0	0	0	
564.053767	8	6	3	0	2	7	1	2696	-1349	30	33887	11	6	35	0	0	0	0	0	0	0	0	0	0	0	0	0	0	
564.098400	8	15	3	0	1	31	2	2852	15	30	33890	12	6	35	0	0	0	0	0	0	0	0	0	0	0	0	0	0	
564.118567	8	3	3	0	1	2	2	3477	675	30	33891	13	6	35	0	0	0	0	0	0	0	0	0	0	0	0	0	0	
565.041600	8	3	3	0	1	2	2	3883	675	30	33947	13	6	35	0	0	0	0	0	0	0	0	0	0	0	0	0	0	
566.042400	8	3	3	0	1	2	2	3933	674	30	34007	13	6	35	0	0	0	0	0	0	0	0	0	0	0	0	0	0	
567.043200	8	3	3	0	1	2	2	3964	675	30	34067	13	6	35	0	0	0	0	0	0	0	0	0	0	0	0	0	0	
568.046883	8	3	3	0	1	2	2	3986	673	30	34127	13	6	35	0	0	0	0	0	0	0	0	0	0	0	0	0	0	
569.049117	8	3	3	0	1	2	2	4002	675	30	34187	13	6	35	0	0	0	0	0	0	0	0	0	0	0	0	0	0	
570.057117	8	3	3	0	1	2	2	4016	675	30	34248	13	6	35	0	0	0	0	0	0	0	0	0	0	0	0	0	0	
571.042083	8	3	3	0	1	2	2	4026	676	30	34307	13	6	35	0	0	0	0	0	0	0	0	0	0	0	0	0	0	
572.044317	8	3	3	0	1	2	2	4036	675	30	34367	13	6	35	0	0	0	0	0	0	0	0	0	0	0	0	0	0	
573.048000	8	3	3	0	1	2	2	4046	676	30	34427	13	6	35	0	0	0	0	0	0	0	0	0	0	0	0	0	0	
574.048800	8	3	3	0	1	2	2	4055	673	30	34487	13	6	35	0	0	0	0	0	0	0	0	0	0	0	0	0	0	
575.049600	8	3	3	0	1	2	2	4064	674	30	34547	13	6	35	0	0	0	0	0	0	0	0	0	0	0	0	0	0	
576.054717	8	3	3	0	1	2	2	4072	673	30	34607	13	6	35	0	0	0	0	0	0	0	0	0	0	0	0	0	0	
577.055517	8	3	3	0	1	2	2	4080	676	30	34667	13	6	35	0	0	0	0	0	0	0	0	0	0	0	0	0	0	
578.054883	8	3	3	0	1	2	2	4088	674	30	34727	13	6	35	0	0	0	0	0	0	0	0	0	0	0	0	0	0	
579.055683	8	3	3	0	1	2	2	4096	675	30	34787	13	6	35	0	0	0	0	0	0	0	0	0	0	0	0	0	0	
580.056483	8	3	3	0	1	2	2	4104	676	30	34848	13	6	35	0	0	0	0	0	0	0	0	0	0	0	0	0	0	
581.041433	8	3	3	0	1	2	2	4113	675	30	34907	13	6	35	0	0	0	0	0	0	0	0	0	0	0	0	0	0	
582.042233	8	3	3	0	1	2	2	4119	666	30	34967	13	6	35	0	0	0	0	0	0	0	0	0	0	0	0	0	0	
583.050233	8	3	3	0	1	2	2	4126	663	30	35027	13	6	35	0	0	0	0	0	0	0	0	0	0	0	0	0	0	
584.052483	8	3	3	0	1	2	2	4134	664	30	35087	13	6	35	0	0	0	0	0	0	0	0	0	0	0	0	0	0	
585.056167	8	3	3	0	1	2	2	4143	664	30	35147	13	6	35	0	0	0	0	0	0	0	0	0	0	0	0	0	0	
586.056967	8	3	3	0	1	2	2	4151	666	30	35207	13	6	35	0	0	0	0	0	0	0	0	0	0	0	0	0	0	
587.043367	8	3	3	0	1	2	2	4159	662	30	35267	13	6	35	0	0	0	0	0	0	0	0	0	0	0	0	0	0	
588.044167	8	3	3	0	1	2	2	4167	661	30	35327	13	6	35	0	0	0	0	0	0	0	0	0	0	0	0	0	0	
589.044967	8	3	3	0	1	2	2	4176	660	30	35387	13	6	35	0	0	0	0	0	0	0	0	0	0	0	0	0	0	
590.048633	8	3	3	0	1	2	2	4184	657	30	35447	13	6	35	0	0	0	0	0	0	0	0	0	0	0	0	0	0	
591.049433	8	3	3	0	1	2	2	4192	655	30	35507	13	6	35	0	0	0	0	0	0	0	0	0	0	0	0	0	0	
592.050233	8	3	3	0	1	2	2	4198	642	30	35567	13	6	35	0	0	0	0	0	0	0	0	0	0	0	0	0	0	
593.051033	8	3	3	0	1	2	2	4198	596	30	35627	13	6	35	0	0	0	0	0	0	0	0	0	0	0	0	0	0	
594.051833	8	3	3	0	1	2	2	4198	559	30	35687	13	6	35	0	0	0	0	0	0	0	0	0	0	0	0	0	0	
595.056967	8	3	3	0	1	2	2	4199	528	30	35747	13	6	35	0	0	0	0	0	0	0	0	0	0	0	0	0	0	
596.044800	8	3	3	0	1	2	2	4199	497	30	35807	13	6	35	0	0	0	0	0	0	0	0	0	0	0	0	0	0	
597.044167	8	3	3	0	1	2	2	4199	464	30	35867	13	6	35	0	0	0	0	0	0	0	0	0	0	0	0	0	0	
598.044967	8	3	3	0	1	2	2	4198	438	30	35927	13	6	35	0	0	0	0	0	0	0	0	0	0	0	0	0	0	
599.050083	8	3	3	0	1	2	2	4198	414	30	35987	13	6	35	0	0	0	0	0	0	0	0	0	0	0	0	0	0	
600.049433	8	3	3	0	1	2	2	4199	390	30	36047	13	6	35	0	0	0	0	0	0	0	0	0	0	0	0	0	0	
601.050233	8	3	3	0	1	2	2	4198	368	30	36107	13	6	35	0	0	0	0	0	0	0	0	0	0	0	0	0	0	
602.051033	8	3	3	0	1	2	2	4199	349	30	36167	13	6	35	0	0	0	0	0	0	0	0	0	0	0	0	0	0	
603.051833	8	3	3	0	1	2	2	4198	330	30	36227	13	6	35	0	0	0	0	0	0	0	0	0	0	0	0	0	0	
604.052633	8	3	3	0	1	2	2	4199	313	30	36287	13	6	35	0	0	0	0	0	0	0	0	0	0	0	0	0	0	
605.056317	8	3	3	0	1	2	2	4199	297	30	36347	13	6	35	0	0	0	0	0	0	0	0	0	0	0	0	0	0	
606.057117	8	3	3	0	1	2	2	4198	281	30	36407	13	6	35	0	0	0	0	0	0	0	0	0	0	0	0	0	0	
607.047833	8	3	3	0	1	2	2	4199	266	30	36467	13	6	35	0	0	0	0	0	0	0	0	0	0	0	0	0	0	
608.051517	8	3	3	0	1	2	2	4198	254	30	36527	13	6	35	0	0	0	0	0	0	0	0	0	0	0	0	0	0	
609.052317	8	3	3	0	1	2	2	4199	241	30	36587	13	6	35	0	0	0	0	0	0	0	0	0	0	0	0	0	0	
610.054567	8	3	3	0	1	2	2	4199	232	30	36647	13	6	35	0	0	0	0	0	0	0	0	0	0	0	0	0	0	
611.059683	8	3	3	0	1	2	2	4199	218	30	36708	13	6	35	0	0	0	0	0	0	0	0	0	0	0	0	0	0	
612.046083	8	3	3	0	1	2	2	4199	208	30	36767	13	6	35	0	0	0	0	0	0	0	0	0	0	0	0	0	0	
613.045433	8	3	3	0	1	2	2	4198	198	30	36827	13	6	35	0	0	0	0	0	0	0	0	0	0	0	0	0	0	
614.046233	8	3	3	0	1	2	2	4198	189	30	36887	13	6	35	0	0	0	0	0	0	0	0	0	0	0	0	0	0	
615.051367	8	3	3	0	1	2	2	4199	179	30	36947	13	6	35	0	0	0	0	0	0	0	0	0	0	0	0	0	0	
616.050717	8	3	3	0	1	2	2	4199	170	30	37007	13	6	35	0	0	0	0	0	0	0	0	0	0	0	0	0	0	
617.051517	8	3	3	0	1	2	2	4199	163	30	37067	13	6	35	0	0	0	0	0	0	0	0	0	0	0	0	0	0	
618.052317	8	3	3	0	1	2	2	4198	155	30	37127	13	6	35	0	0	0	0	0	0	0	0	0	0	0	0	0	0	
619.060317	8	3	3	0	1	2	2	4198	147	30	37188	13	6	35	0	0	0	0	0	0	0	0	0	0	0	0	0	0	
620.045283	8	3	3	0	1	2	2	4198	140	30	37247	13	6	35	0	0	0	0	0	0	0	0	0	0	0	0	0	0	
621.046083	8	3	3	0	1	2	2	4199	134	30	37307	13	6	35	0	0	0	0	0	0	0	0	0	0	0	0	0	0	
622.046883	8	3	3	0	1	2	2	4199	127	30	37367	13	6	35	0	0	0	0	0	0	0	0	0	0	0	0	0	0	
623.047683	8	3	3	0	1	2	2	4198	123	30	37427	13	6	35	0	0	0	0	0	0	0	0	0	0	0	0	0	0	
624.048483	8	3	3	0	1	2	2	4199	119	30	37487	13	6	35	0	0	0	0	0	0	0	0	0	0	0	0	0	0	
625.052167	8	3	3	0	1	2	2	4199	111	30	37547	13	6	35	0	0	0	0	0	0	0	0	0	0	0	0	0	0	
626.052967	8	3	3	0	1	2	2	4199	107	30	37607	13	6	35	0	0	0	0	0	0	0	0	0	0	0	0	0	0	
627.052317	8	3	3	0	1	2	2	4199	102	30	37667	13	6	35	0	0	0	0	0	0	0	0	0	0	0	0	0	0	
628.053117	8	3	3	0	1	2	2	4199	97	30	37727	13	6	35	0	0	0	0	0	0	0	0	0	0	0	0	0	0	
629.053917	8	3	3	0	1	2	2	4199	93	30	37787	13	6	35	0	0	0	0	0	0	0	0	0	0	0	0	0	0	
630.060483	8	3	3	0	1	2	2	4199	91	30	37847	13	6	35	0	0	0	0	0	0	0	0	0	0	0	0	0	0	
631.048317	8	3	3	0	1	2	2	4199	84	30	37907	13	6	35	0	0	0	0	0	0	0	0	0	0	0	0	0	0	
632.053433	8	3	3	0	1	2	2	4198	79	30	37967	13	6	35	0	0	0	0	0	0	0	0	0	0	0	0	0	0	
633.054233	8	3	3	0	1	2	2	4199	77	30	38027	13	6	35	0	0	0	0	0	0	0	0	0	0	0	0	0	0	
634.053600	8	3	3	0	1	2	2	4198	74	30	38087	13	6	35	0	0	0	0	0	0	0	0	0	0	0	0	0	0	
635.054400	8	3	3	0	1	2	2	4199	71	30	38147	13	6	35	0	0	0	0	0	0	0	0	0	0	0	0	0	0	
636.058083	8	3	3	0	1	2	2	4198	67	30	38207	13	6	35	0	0	0	0	0	0	0	0	0	0	0	0	0	0	
636.657117	8	6	3	0	2	7	1	4057	-1067	30	38243	13	7	0	0	0	0	0	0	0	0	0	0	0	0	0	0	0	
637.060317	8	6	3	0	2	7	1	3968	-1350	30	38268	13	7	0	0	0	0	0	0	0	0	0	0	0	0	0	0	0	
638.048167	8	6	3	0	2	7	1	3889	-1349	30	38327	13	7	2	0	0	0	0	0	0	0	0	0	0	0	0	0	0	
639.054717	8	6	3	0	2	7	1	3786	-1350	30	38387	13	7	3	0	0	0	0	0	0	0	0	0	0	0	0	0	0	
640.059833	8	6	3	0	2	7	1	3725	-1348	30	38447	13	7	5	0	0	0	0	0	0	0	0	0	0	0	0	0	0	
641.060633	8	6	3	0	2	7	1	3678	-1348	30	38507	13	7	7	0	0	0	0	0	0	0	0	0	0	0	0	0	0	
642.060000	8	6	3	0	2	7	1	3635	-1348	30	38567	13	7	8	0	0	0	0	0	0	0	0	0	0	0	0	0	0	
643.049283	8	6	3	0	2	7	1	3599	-1350	30	38627	13	7	10	0	0	0	0	0	0	0	0	0	0	0	0	0	0	
644.052967	8	6	3	0	2	7	1	3562	-1350	30	38687	13	7	12	0	0	0	0	0	0	0	0	0	0	0	0	0	0	
645.053767	8	6	3	0	2	7	1	3530	-1350	30	38747	13	7	13	0	0	0	0	0	0	0	0	0	0	0	0	0	0	
646.054567	8	6	3	0	2	7	1	3504	-1352	30	38807	13	7	15	0	0	0	0	0	0	0	0	0	0	0	0	0	0	
647.055367	8	6	3	0	2	7	1	3479	-1350	30	38867	13	7	17	0	0	0	0	0	0	0	0	0	0	0	0	0	0	
648.054717	8	6	3	0	2	7	1	3454	-1350	30	38927	13	7	18	0	0	0	0	0	0	0	0	0	0	0	0	0	0	
649.055517	8	6	3	0	2	7	1	3431	-1350	30	38987	13	7	20	0	0	0	0	0	0	0	0	0	0	0	0	0	0	
650.060633	8	6	3	0	2	7	1	3408	-1350	30	39047	13	7	22	0	0	0	0	0	0	0	0	0	0	0	0	0	0	
651.060000	8	6	3	0	2	7	1	3383	-1348	30	39107	13	7	23	0	0	0	0	0	0	0	0	0	0	0	0	0	0	
652.050717	8	6	3	0	2	7	1	3353	-1350	30	39167	13	7	25	0	0	0	0	0	0	0	0	0	0	0	0	0	0	
653.054400	8	6	3	0	2	7	1	3317	-1348	31	39227	13	7	27	0	0	0	0	0	0	0	0	0	0	0	0	0	0	
654.058083	8	6	3	0	2	7	1	3270	-1350	30	39287	13	7	28	0	0	0	0	0	0	0	0	0	0	0	0	0	0	
655.061767	8	6	3	0	2	7	1	3201	-1350	31	39347	13	7	30	0	0	0	0	0	0	0	0	0	0	0	0	0	0	
656.061117	8	6	3	0	2	7	1	3098	-1350	30	39407	13	7	32	0	0	0	0	0	0	0	0	0	0	0	0	0	0	
657.061917	8	6	3	0	2	7	1	2937	-1351	31	39467	13	7	33	0	0	0	0	0	0	0	0	0	0	0	0	0	0	
658.062717	8	6	3	0	2	7	1	2709	-1350	31	39528	13	7	35	0	0	0	0	0	0	0	0	0	0	0	0	0	0	
658.163517	8	15	3	0	1	31	2	2929	30	30	39534	14	7	35	0	0	0	0	0	0	0	0	0	0	0	0	0	0	
658.185117	8	3	3	0	1	2	2	3502	679	30	39535	15	7	35	0	0	0	0	0	0	0	0	0	0	0	0	0	0	
659.052000	8	3	3	0	1	2	2	3880	675	31	39587	15	7	35	0	0	0	0	0	0	0	0	0	0	0	0	0	0	
660.055683	8	3	3	0	1	2	2	3933	674	30	39647	15	7	35	0	0	0	0	0	0	0	0	0	0	0	0	0	0	
661.056483	8	3	3	0	1	2	2	3965	674	30	39707	15	7	35	0	0	0	0	0	0	0	0	0	0	0	0	0	0	
662.057283	8	3	3	0	1	2	2	3987	675	31	39767	15	7	35	0	0	0	0	0	0	0	0	0	0	0	0	0	0	
663.060967	8	3	3	0	1	2	2	4004	674	31	39827	15	7	35	0	0	0	0	0	0	0	0	0	0	0	0	0	0	
664.061767	8	3	3	0	1	2	2	4017	675	30	39887	15	7	35	0	0	0	0	0	0	0	0	0	0	0	0	0	0	
665.064000	8	3	3	0	1	2	2	4028	674	31	39948	15	7	35	0	0	0	0	0	0	0	0	0	0	0	0	0	0	
666.050400	8	3	3	0	1	2	2	4038	674	31	40007	15	7	35	0	0	0	0	0	0	0	0	0	0	0	0	0	0	
667.058400	8	3	3	0	1	2	2	4048	674	31	40067	15	7	35	0	0	0	0	0	0	0	0	0	0	0	0	0	0	
668.062083	8	3	3	0	1	2	2	4057	674	31	40127	15	7	35	0	0	0	0	0	0	0	0	0	0	0	0	0	0	
669.062883	8	3	3	0	1	2	2	4065	675	31	40187	15	7	35	0	0	0	0	0	0	0	0	0	0	0	0	0	0	
670.063683	8	3	3	0	1	2	2	4074	674	31	40248	15	7	35	0	0	0	0	0	0	0	0	0	0	0	0	0	0	
671.048633	8	3	3	0	1	2	2	4082	674	31	40307	15	7	35	0	0	0	0	0	0	0	0	0	0	0	0	0	0	
672.049433	8	3	3	0	1	2	2	4090	674	31	40367	15	7	35	0	0	0	0	0	0	0	0	0	0	0	0	0	0	
673.050233	8	3	3	0	1	2	2	4098	674	31	40427	15	7	35	0	0	0	0	0	0	0	0	0	0	0	0	0	0	
674.051033	8	3	3	0	1	2	2	4106	675	31	40487	15	7	35	0	0	0	0	0	0	0	0	0	0	0	0	0	0	
675.051833	8	3	3	0	1	2	2	4114	674	31	40547	15	7	35	0	0	0	0	0	0	0	0	0	0	0	0	0	0	
676.055517	8	3	3	0	1	2	2	4122	667	31	40607	15	7	35	0	0	0	0	0	0	0	0	0	0	0	0	0	0	
677.056317	8	3	3	0	1	2	2	4129	665	31	40667	15	7	35	0	0	0	0	0	0	0	0	0	0	0	0	0	0	
678.058567	8	3	3	0	1	2	2	4137	663	31	40727	15	7	35	0	0	0	0	0	0	0	0	0	0	0	0	0	0	
679.049283	8	3	3	0	1	2	2	4145	663	31	40787	15	7	35	0	0	0	0	0	0	0	0	0	0	0	0	0	0	
680.057283	8	3	3	0	1	2	2	4153	663	31	40847	15	7	35	0	0	0	0	0	0	0	0	0	0	0	0	0	0	
681.060967	8	3	3	0	1	2	2	4162	665	31	40907	15	7	35	0	0	0	0	0	0	0	0	0	0	0	0	0	0	
682.064633	8	3	3	0	1	2	2	4170	665	31	40968	15	7	35	0	0	0	0	0	0	0	0	0	0	0	0	0	0	
683.051033	8	3	3	0	1	2	2	4179	664	31	41027	15	7	35	0	0	0	0	0	0	0	0	0	0	0	0	0	0	
684.051833	8	3	3	0	1	2	2	4188	663	31	41087	15	7	35	0	0	0	0	0	0	0	0	0	0	0	0	0	0	
685.051200	8	3	3	0	1	2	2	4196	661	31	41147	15	7	35	0	0	0	0	0	0	0	0	0	0	0	0	0	0	
686.052000	8	3	3	0	1	2	2	4198	625	31	41207	15	7	35	0	0	0	0	0	0	0	0	0	0	0	0	0	0	
687.055683	8	3	3	0	1	2	2	4199	584	31	41267	15	7	35	0	0	0	0	0	0	0	0	0	0	0	0	0	0	
688.056483	8	3	3	0	1	2	2	4198	547	31	41327	15	7	35	0	0	0	0	0	0	0	0	0	0	0	0	0	0	
689.057283	8	3	3	0	1	2	2	4199	515	31	41387	15	7	35	0	0	0	0	0	0	0	0	0	0	0	0	0	0	
690.058083	8	3	3	0	1	2	2	4199	485	31	41447	15	7	35	0	0	0	0	0	0	0	0	0	0	0	0	0	0	
691.067517	8	3	3	0	1	2	2	4199	455	31	41508	15	7	35	0	0	0	0	0	0	0	0	0	0	0	0	0	0	
692.052483	8	3	3	0	1	2	2	4198	429	31	41567	15	7	35	0	0	0	0	0	0	0	0	0	0	0	0	0	0	
693.060483	8	3	3	0	1	2	2	4199	405	31	41627	15	7	35	0	0	0	0	0	0	0	0	0	0	0	0	0	0	
694.064167	8	3	3	0	1	2	2	4198	383	31	41687	15	7	35	0	0	0	0	0	0	0	0	0	0	0	0	0	0	
695.064967	8	3	3	0	1	2	2	4198	362	31	41747	15	7	35	0	0	0	0	0	0	0	0	0	0	0	0	0	0	
696.065767	8	3	3	0	1	2	2	4198	343	31	41807	15	7	35	0	0	0	0	0	0	0	0	0	0	0	0	0	0	
697.065117	8	3	3	0	1	2	2	4198	325	31	41868	15	7	35	0	0	0	0	0	0	0	0	0	0	0	0	0	0	
698.051517	8	3	3	0	1	2	2	4199	307	31	41927	15	7	35	0	0	0	0	0	0	0	0	0	0	0	0	0	0	
699.052317	8	3	3	0	1	2	2	4198	292	31	41987	15	7	35	0	0	0	0	0	0	0	0	0	0	0	0	0	0	
700.053117	8	3	3	0	1	2	2	4198	277	31	42047	15	7	35	0	0	0	0	0	0	0	0	0	0	0	0	0	0	
701.052483	8	3	3	0	1	2	2	4198	264	31	42107	15	7	35	0	0	0	0	0	0	0	0	0	0	0	0	0	0	
702.053283	8	3	3	0	1	2	2	4199	250	31	42167	15	7	35	0	0	0	0	0	0	0	0	0	0	0	0	0	0	
703.062717	8	3	3	0	1	2	2	4198	236	31	42227	15	7	35	0	0	0	0	0	0	0	0	0	0	0	0	0	0	
704.066400	8	3	3	0	1	2	2	4199	226	31	42288	15	7	35	0	0	0	0	0	0	0	0	0	0	0	0	0	0	
705.051367	8	3	3	0	1	2	2	4198	215	31	42347	15	7	35	0	0	0	0	0	0	0	0	0	0	0	0	0	0	
706.053600	8	3	3	0	1	2	2	4199	208	31	42407	15	7	35	0	0	0	0	0	0	0	0	0	0	0	0	0	0	
707.061600	8	3	3	0	1	2	2	4198	195	31	42467	15	7	35	0	0	0	0	0	0	0	0	0	0	0	0	0	0	
708.065283	8	3	3	0	1	2	2	4199	186	31	42527	15	7	35	0	0	0	0	0	0	0	0	0	0	0	0	0	0	
709.066083	8	3	3	0	1	2	2	4199	176	31	42587	15	7	35	0	0	0	0	0	0	0	0	0	0	0	0	0	0	
710.052483	8	3	3	0	1	2	2	4199	169	31	42647	15	7	35	0	0	0	0	0	0	0	0	0	0	0	0	0	0	
711.051833	8	3	3	0	1	2	2	4198	160	31	42707	15	7	35	0	0	0	0	0	0	0	0	0	0	0	0	0	0	
712.052633	8	3	3	0	1	2	2	4198	152	31	42767	15	7	35	0	0	0	0	0	0	0	0	0	0	0	0	0	0	
713.053433	8	3	3	0	1	2	2	4198	145	31	42827	15	7	35	0	0	0	0	0	0	0	0	0	0	0	0	0	0	
714.054233	8	3	3	0	1	2	2	4199	138	31	42887	15	7	35	0	0	0	0	0	0	0	0	0	0	0	0	0	0	
715.060800	8	3	3	0	1	2	2	4199	134	31	42947	15	7	35	0	0	0	0	0	0	0	0	0	0	0	0	0	0	
716.060167	8	3	3	0	1	2	2	4199	125	31	43007	15	7	35	0	0	0	0	0	0	0	0	0	0	0	0	0	0	
717.060967	8	3	3	0	1	2	2	4199	120	31	43067	15	7	35	0	0	0	0	0	0	0	0	0	0	0	0	0	0	
718.066083	8	3	3	0	1	2	2	4199	115	31	43127	15	7	35	0	0	0	0	0	0	0	0	0	0	0	0	0	0	
719.066883	8	3	3	0	1	2	2	4199	113	31	43188	15	7	35	0	0	0	0	0	0	0	0	0	0	0	0	0	0	
720.056167	8	3	3	0	1	2	2	4198	103	31	43247	15	7	35	0	0	0	0	0	0	0	0	0	0	0	0	0	0	
721.059833	8	3	3	0	1	2	2	4198	99	31	43307	15	7	35	0	0	0	0	0	0	0	0	0	0	0	0	0	0	
722.060633	8	3	3	0	1	2	2	4199	95	31	43367	15	7	35	0	0	0	0	0	0	0	0	0	0	0	0	0	0	
723.061433	8	3	3	0	1	2	2	4198	90	31	43427	15	7	35	0	0	0	0	0	0	0	0	0	0	0	0	0	0	
724.065117	8	3	3	0	1	2	2	4198	87	31	43487	15	7	35	0	0	0	0	0	0	0	0	0	0	0	0	0	0	
725.065917	8	3	3	0	1	2	2	4198	83	31	43547	15	7	35	0	0	0	0	0	0	0	0	0	0	0	0	0	0	
726.066717	8	3	3	0	1	2	2	4199	80	31	43607	15	7	35	0	0	0	0	0	0	0	0	0	0	0	0	0	0	
727.068967	8	3	3	0	1	2	2	4199	79	31	43668	15	7	35	0	0	0	0	0	0	0	0	0	0	0	0	0	0	
728.053917	8	3	3	0	1	2	2	4198	72	31	43727	15	7	35	0	0	0	0	0	0	0	0	0	0	0	0	0	0	
729.054717	8	3	3	0	1	2	2	4198	69	31	43787	15	7	35	0	0	0	0	0	0	0	0	0	0	0	0	0	0	
729.882717	8	6	3	0	2	7	1	4086	-856	31	43836	15	8	0	0	0	0	0	0	0	0	0	0	0	0	0	0	0	
730.056967	8	6	3	0	2	7	1	3990	-1351	31	43847	15	8	0	0	0	0	0	0	0	0	0	0	0	0	0	0	0	
731.060633	8	6	3	0	2	7	1	3910	-1348	31	43907	15	8	1	0	0	0	0	0	0	0	0	0	0	0	0	0	0	
732.061433	8	6	3	0	2	7	1	3806	-1351	31	43967	15	8	3	0	0	0	0	0	0	0	0	0	0	0	0	0	0	
733.063683	8	6	3	0	2	7	1	3737	-1350	31	44027	15	8	5	0	0	0	0	0	0	0	0	0	0	0	0	0	0	
734.068800	8	6	3	0	2	7	1	3688	-1350	31	44087	15	8	6	0	0	0	0	0	0	0	0	0	0	0	0	0	0	
735.068167	8	6	3	0	2	7	1	3645	-1349	31	44148	15	8	8	0	0	0	0	0	0	0	0	0	0	0	0	0	0	
736.053117	8	6	3	0	2	7	1	3606	-1349	31	44207	15	8	10	0	0	0	0	0	0	0	0	0	0	0	0	0	0	
737.053917	8	6	3	0	2	7	1	3571	-1349	31	44267	15	8	11	0	0	0	0	0	0	0	0	0	0	0	0	0	0	
738.054717	8	6	3	0	2	7	1	3538	-1351	31	44327	15	8	13	0	0	0	0	0	0	0	0	0	0	0	0	0	0	
739.055517	8	6	3	0	2	7	1	3508	-1349	31	44387	15	8	15	0	0	0	0	0	0	0	0	0	0	0	0	0	0	
740.064967	8	6	3	0	2	7	1	3479	-1351	31	44447	15	8	16	0	0	0	0	0	0	0	0	0	0	0	0	0	0	
741.068633	8	6	3	0	2	7	1	3454	-1348	31	44507	15	8	18	0	0	0	0	0	0	0	0	0	0	0	0	0	0	
742.069433	8	6	3	0	2	7	1	3431	-1349	31	44568	15	8	20	0	0	0	0	0	0	0	0	0	0	0	0	0	0	
743.054400	8	6	3	0	2	7	1	3409	-1348	31	44627	15	8	21	0	0	0	0	0	0	0	0	0	0	0	0	0	0	
744.055200	8	6	3	0	2	7	1	3384	-1349	31	44687	15	8	23	0	0	0	0	0	0	0	0	0	0	0	0	0	0	
745.056000	8	6	3	0	2	7	1	3353	-1351	31	44747	15	8	25	0	0	0	0	0	0	0	0	0	0	0	0	0	0	
746.056800	8	6	3	0	2	7	1	3318	-1350	31	44807	15	8	26	0	0	0	0	0	0	0	0	0	0	0	0	0	0	
747.056167	8	6	3	0	2	7	1	3272	-1350	31	44867	15	8	28	0	0	0	0	0	0	0	0	0	0	0	0	0	0	
748.056967	8	6	3	0	2	7	1	3206	-1352	31	44927	15	8	29	0	0	0	0	0	0	0	0	0	0	0	0	0	0	
749.057767	8	6	3	0	2	7	1	3105	-1349	31	44987	15	8	31	0	0	0	0	0	0	0	0	0	0	0	0	0	0	
750.057117	8	6	3	0	2	7	1	2952	-1348	31	45047	15	8	33	0	0	0	0	0	0	0	0	0	0	0	0	0	0	
751.062233	8	6	3	0	2	7	1	2728	-1349	31	45107	15	8	34	0	0	0	0	0	0	0	0	0	0	0	0	0	0	
751.239367	8	15	3	0	1	31	2	2840	18	31	45118	16	8	35	0	0	0	0	0	0	0	0	0	0	0	0	0	0	
751.259517	8	3	3	0	1	2	2	3493	674	31	45119	17	8	35	0	0	0	0	0	0	0	0	0	0	0	0	0	0	
752.067367	8	3	3	0	1	2	2	3877	674	31	45167	17	8	35	0	0	0	0	0	0	0	0	0	0	0	0	0	0	
753.071033	8	3	3	0	1	2	2	3932	674	31	45228	17	8	35	0	0	0	0	0	0	0	0	0	0	0	0	0	0	
754.057433	8	3	3	0	1	2	2	3964	675	31	45287	17	8	35	0	0	0	0	0	0	0	0	0	0	0	0	0	0	
755.056800	8	3	3	0	1	2	2	3987	675	31	45347	17	8	35	0	0	0	0	0	0	0	0	0	0	0	0	0	0	
756.057600	8	3	3	0	1	2	2	4004	674	31	45407	17	8	35	0	0	0	0	0	0	0	0	0	0	0	0	0	0	
757.062717	8	3	3	0	1	2	2	4018	675	31	45467	17	8	35	0	0	0	0	0	0	0	0	0	0	0	0	0	0	
758.062083	8	3	3	0	1	2	2	4029	674	31	45527	17	8	35	0	0	0	0	0	0	0	0	0	0	0	0	0	0	
759.062883	8	3	3	0	1	2	2	4039	674	31	45587	17	8	35	0	0	0	0	0	0	0	0	0	0	0	0	0	0	
760.063683	8	3	3	0	1	2	2	4049	674	31	45647	17	8	35	0	0	0	0	0	0	0	0	0	0	0	0	0	0	
761.064483	8	3	3	0	1	2	2	4058	675	31	45707	17	8	35	0	0	0	0	0	0	0	0	0	0	0	0	0	0	
762.066717	8	3	3	0	1	2	2	4066	673	31	45767	17	8	35	0	0	0	0	0	0	0	0	0	0	0	0	0	0	
763.070400	8	3	3	0	1	2	2	4075	675	31	45828	17	8	35	0	0	0	0	0	0	0	0	0	0	0	0	0	0	
764.058233	8	3	3	0	1	2	2	4083	675	31	45887	17	8	35	0	0	0	0	0	0	0	0	0	0	0	0	0	0	
765.063367	8	3	3	0	1	2	2	4091	675	31	45947	17	8	35	0	0	0	0	0	0	0	0	0	0	0	0	0	0	
766.064167	8	3	3	0	1	2	2	4099	675	31	46007	17	8	35	0	0	0	0	0	0	0	0	0	0	0	0	0	0	
767.064967	8	3	3	0	1	2	2	4107	675	31	46067	17	8	35	0	0	0	0	0	0	0	0	0	0	0	0	0	0	
768.065767	8	3	3	0	1	2	2	4115	673	31	46127	17	8	35	0	0	0	0	0	0	0	0	0	0	0	0	0	0	
769.069433	8	3	3	0	1	2	2	4122	667	31	46187	17	8	35	0	0	0	0	0	0	0	0	0	0	0	0	0	0	
770.070233	8	3	3	0	1	2	2	4130	665	31	46247	17	8	35	0	0	0	0	0	0	0	0	0	0	0	0	0	0	
771.071033	8	3	3	0	1	2	2	4138	663	31	46307	17	8	35	0	0	0	0	0	0	0	0	0	0	0	0	0	0	
772.070400	8	3	3	0	1	2	2	4146	661	31	46367	17	8	35	0	0	0	0	0	0	0	0	0	0	0	0	0	0	
773.071200	8	3	3	0	1	2	2	4154	660	31	46427	17	8	35	0	0	0	0	0	0	0	0	0	0	0	0	0	0	
774.072000	8	3	3	0	1	2	2	4162	658	31	46488	17	8	35	0	0	0	0	0	0	0	0	0	0	0	0	0	0	
775.056967	8	3	3	0	1	2	2	4170	657	31	46547	17	8	35	0	0	0	0	0	0	0	0	0	0	0	0	0	0	
776.064967	8	3	3	0	1	2	2	4178	654	31	46607	17	8	35	0	0	0	0	0	0	0	0	0	0	0	0	0	0	
777.065767	8	3	3	0	1	2	2	4187	657	31	46667	17	8	35	0	0	0	0	0	0	0	0	0	0	0	0	0	0	
778.066567	8	3	3	0	1	2	2	4196	657	31	46727	17	8	35	0	0	0	0	0	0	0	0	0	0	0	0	0	0	
779.070233	8	3	3	0	1	2	2	4198	622	31	46787	17	8	35	0	0	0	0	0	0	0	0	0	0	0	0	0	0	
780.071033	8	3	3	0	1	2	2	4198	580	31	46847	17	8	35	0	0	0	0	0	0	0	0	0	0	0	0	0	0	
781.071833	8	3	3	0	1	2	2	4198	544	31	46907	17	8	35	0	0	0	0	0	0	0	0	0	0	0	0	0	0	
782.072633	8	3	3	0	1	2	2	4198	511	31	46967	17	8	35	0	0	0	0	0	0	0	0	0	0	0	0	0	0	
783.072000	8	3	3	0	1	2	2	4198	480	31	47028	17	8	35	0	0	0	0	0	0	0	0	0	0	0	0	0	0	
784.058400	8	3	3	0	1	2	2	4199	453	31	47087	17	8	35	0	0	0	0	0	0	0	0	0	0	0	0	0	0	
785.057767	8	3	3	0	1	2	2	4199	426	31	47147	17	8	35	0	0	0	0	0	0	0	0	0	0	0	0	0	0	
786.058567	8	3	3	0	1	2	2	4198	402	31	47207	17	8	35	0	0	0	0	0	0	0	0	0	0	0	0	0	0	
787.059367	8	3	3	0	1	2	2	4199	378	31	47267	17	8	35	0	0	0	0	0	0	0	0	0	0	0	0	0	0	
788.060167	8	3	3	0	1	2	2	4198	358	31	47327	17	8	35	0	0	0	0	0	0	0	0	0	0	0	0	0	0	
789.071033	8	3	3	0	1	2	2	4199	341	31	47387	17	8	35	0	0	0	0	0	0	0	0	0	0	0	0	0	0	
790.073283	8	3	3	0	1	2	2	4199	319	31	47448	17	8	35	0	0	0	0	0	0	0	0	0	0	0	0	0	0	
791.059683	8	3	3	0	1	2	2	4199	302	31	47507	17	8	35	0	0	0	0	0	0	0	0	0	0	0	0	0	0	
792.060483	8	3	3	0	1	2	2	4198	288	31	47567	17	8	35	0	0	0	0	0	0	0	0	0	0	0	0	0	0	
793.059833	8	3	3	0	1	2	2	4199	274	31	47627	17	8	35	0	0	0	0	0	0	0	0	0	0	0	0	0	0	
794.060633	8	3	3	0	1	2	2	4198	259	31	47687	17	8	35	0	0	0	0	0	0	0	0	0	0	0	0	0	0	
795.064317	8	3	3	0	1	2	2	4199	247	31	47747	17	8	35	0	0	0	0	0	0	0	0	0	0	0	0	0	0	
796.065117	8	3	3	0	1	2	2	4198	234	31	47807	17	8	35	0	0	0	0	0	0	0	0	0	0	0	0	0	0	
797.065917	8	3	3	0	1	2	2	4198	223	31	47867	17	8	35	0	0	0	0	0	0	0	0	0	0	0	0	0	0	
798.066717	8	3	3	0	1	2	2	4198	213	31	47927	17	8	35	0	0	0	0	0	0	0	0	0	0	0	0	0	0	
799.067517	8	3	3	0	1	2	2	4199	202	31	47987	17	8	35	0	0	0	0	0	0	0	0	0	0	0	0	0	0	
800.068317	8	3	3	0	1	2	2	4198	193	31	48047	17	8	35	0	0	0	0	0	0	0	0	0	0	0	0	0	0	
801.072000	8	3	3	0	1	2	2	4199	185	31	48107	17	8	35	0	0	0	0	0	0	0	0	0	0	0	0	0	0	
802.061283	8	3	3	0	1	2	2	4198	174	31	48167	17	8	35	0	0	0	0	0	0	0	0	0	0	0	0	0	0	
803.060633	8	3	3	0	1	2	2	4199	168	31	48227	17	8	35	0	0	0	0	0	0	0	0	0	0	0	0	0	0	
804.068633	8	3	3	0	1	2	2	4198	157	31	48287	17	8	35	0	0	0	0	0	0	0	0	0	0	0	0	0	0	
805.072317	8	3	3	0	1	2	2	4199	150	31	48347	17	8	35	0	0	0	0	0	0	0	0	0	0	0	0	0	0	
806.073117	8	3	3	0	1	2	2	4199	142	31	48407	17	8	35	0	0	0	0	0	0	0	0	0	0	0	0	0	0	
807.073917	8	3	3	0	1	2	2	4198	136	31	48467	17	8	35	0	0	0	0	0	0	0	0	0	0	0	0	0	0	
808.074717	8	3	3	0	1	2	2	4199	130	31	48528	17	8	35	0	0	0	0	0	0	0	0	0	0	0	0	0	0	
809.059683	8	3	3	0	1	2	2	4198	124	31	48587	17	8	35	0	0	0	0	0	0	0	0	0	0	0	0	0	0	
810.060483	8	3	3	0	1	2	2	4199	117	31	48647	17	8	35	0	0	0	0	0	0	0	0	0	0	0	0	0	0	
811.061283	8	3	3	0	1	2	2	4198	113	31	48707	17	8	35	0	0	0	0	0	0	0	0	0	0	0	0	0	0	
812.063517	8	3	3	0	1	2	2	4198	107	31	48767	17	8	35	0	0	0	0	0	0	0	0	0	0	0	0	0	0	
813.067200	8	3	3	0	1	2	2	4198	103	31	48827	17	8	35	0	0	0	0	0	0	0	0	0	0	0	0	0	0	
814.076633	8	3	3	0	1	2	2	4199	97	31	48888	17	8	35	0	0	0	0	0	0	0	0	0	0	0	0	0	0	
815.063033	8	3	3	0	1	2	2	4199	93	31	48947	17	8	35	0	0	0	0	0	0	0	0	0	0	0	0	0	0	
816.062400	8	3	3	0	1	2	2	4198	90	31	49007	17	8	35	0	0	0	0	0	0	0	0	0	0	0	0	0	0	
817.071833	8	3	3	0	1	2	2	4198	83	31	49067	17	8	35	0	0	0	0	0	0	0	0	0	0	0	0	0	0	
818.076967	8	3	3	0	1	2	2	4198	81	31	49128	17	8	35	0	0	0	0	0	0	0	0	0	0	0	0	0	0	
819.061917	8	3	3	0	1	2	2	4198	78	31	49187	17	8	35	0	0	0	0	0	0	0	0	0	0	0	0	0	0	
820.062717	8	3	3	0	1	2	2	4198	75	31	49247	17	8	35	0	0	0	0	0	0	0	0	0	0	0	0	0	0	
821.063517	8	3	3	0	1	2	2	4199	72	31	49307	17	8	35	0	0	0	0	0	0	0	0	0	0	0	0	0	0	
822.062883	8	3	3	0	1	2	2	4199	69	31	49367	17	8	35	0	0	0	0	0	0	0	0	0	0	0	0	0	0	
822.664800	8	6	3	0	2	7	1	4018	-1344	31	49403	17	9	0	0	0	0	0	0	0	0	0	0	0	0	0	0	0	
823.069433	8	6	3	0	2	7	1	3968	-1352	31	49427	17	9	0	0	0	0	0	0	0	0	0	0	0	0	0	0	0	
824.070233	8	6	3	0	2	7	1	3888	-1351	31	49487	17	9	2	0	0	0	0	0	0	0	0	0	0	0	0	0	0	
825.073917	8	6	3	0	2	7	1	3783	-1346	31	49547	17	9	3	0	0	0	0	0	0	0	0	0	0	0	0	0	0	
826.061767	8	6	3	0	2	7	1	3724	-1350	31	49607	17	9	5	0	0	0	0	0	0	0	0	0	0	0	0	0	0	
827.068317	8	6	3	0	2	7	1	3676	-1350	31	49667	17	9	7	0	0	0	0	0	0	0	0	0	0	0	0	0	0	
828.069117	8	6	3	0	2	7	1	3632	-1347	31	49727	17	9	8	0	0	0	0	0	0	0	0	0	0	0	0	0	0	
829.069917	8	6	3	0	2	7	1	3594	-1348	31	49787	17	9	10	0	0	0	0	0	0	0	0	0	0	0	0	0	0	
830.073600	8	6	3	0	2	7	1	3558	-1350	31	49847	17	9	12	0	0	0	0	0	0	0	0	0	0	0	0	0	0	
831.062883	8	6	3	0	2	7	1	3527	-1349	31	49907	17	9	13	0	0	0	0	0	0	0	0	0	0	0	0	0	0	
832.063683	8	6	3	0	2	7	1	3497	-1349	31	49967	17	9	15	0	0	0	0	0	0	0	0	0	0	0	0	0	0	
833.064483	8	6	3	0	2	7	1	3471	-1350	31	50027	17	9	17	0	0	0	0	0	0	0	0	0	0	0	0	0	0	
834.068167	8	6	3	0	2	7	1	3447	-1350	31	50087	17	9	18	0	0	0	0	0	0	0	0	0	0	0	0	0	0	
835.068967	8	6	3	0	2	7	1	3424	-1347	31	50147	17	9	20	0	0	0	0	0	0	0	0	0	0	0	0	0	0	
836.069767	8	6	3	0	2	7	1	3401	-1348	31	50207	17	9	22	0	0	0	0	0	0	0	0	0	0	0	0	0	0	
837.070567	8	6	3	0	2	7	1	3374	-1349	31	50267	17	9	23	0	0	0	0	0	0	0	0	0	0	0	0	0	0	
838.072800	8	6	3	0	2	7	1	3340	-1349	31	50327	17	9	25	0	0	0	0	0	0	0	0	0	0	0	0	0	0	
839.077917	8	6	3	0	2	7	1	3302	-1350	31	50388	17	9	27	0	0	0	0	0	0	0	0	0	0	0	0	0	0	
840.062883	8	6	3	0	2	7	1	3251	-1350	31	50447	17	9	28	0	0	0	0	0	0	0	0	0	0	0	0	0	0	
841.063683	8	6	3	0	2	7	1	3177	-1350	31	50507	17	9	30	0	0	0	0	0	0	0	0	0	0	0	0	0	0	
842.064483	8	6	3	0	2	7	1	3064	-1349	31	50567	17	9	32	0	0	0	0	0	0	0	0	0	0	0	0	0	0	
843.065283	8	6	3	0	2	7	1	2879	-1349	31	50627	17	9	33	0	0	0	0	0	0	0	0	0	0	0	0	0	0	
843.896167	8	15	3	0	1	31	2	3237	123	31	50677	19	9	35	0	0	0	0	0	0	0	0	0	0	0	0	0	0	
843.920633	8	3	3	0	1	2	2	3582	676	31	50678	19	9	35	0	0	0	0	0	0	0	0	0	0	0	0	0	0	
844.074717	8	3	3	0	1	2	2	3766	675	31	50687	19	9	35	0	0	0	0	0	0	0	0	0	0	0	0	0	0	
845.062567	8	3	3	0	1	2	2	3902	674	31	50747	19	9	35	0	0	0	0	0	0	0	0	0	0	0	0	0	0	
846.063367	8	3	3	0	1	2	2	3946	675	31	50807	19	9	35	0	0	0	0	0	0	0	0	0	0	0	0	0	0	
847.064167	8	3	3	0	1	2	2	3975	674	31	50867	19	9	35	0	0	0	0	0	0	0	0	0	0	0	0	0	0	
848.064967	8	3	3	0	1	2	2	3995	674	31	50927	19	9	35	0	0	0	0	0	0	0	0	0	0	0	0	0	0	
849.065767	8	3	3	0	1	2	2	4011	674	31	50987	19	9	35	0	0	0	0	0	0	0	0	0	0	0	0	0	0	
850.069433	8	3	3	0	1	2	2	4024	675	31	51047	19	9	35	0	0	0	0	0	0	0	0	0	0	0	0	0	0	
851.076000	8	3	3	0	1	2	2	4034	674	31	51107	19	9	35	0	0	0	0	0	0	0	0	0	0	0	0	0	0	
852.079683	8	3	3	0	1	2	2	4044	673	31	51168	19	9	35	0	0	0	0	0	0	0	0	0	0	0	0	0	0	
853.064633	8	3	3	0	1	2	2	4053	675	31	51227	19	9	35	0	0	0	0	0	0	0	0	0	0	0	0	0	0	
854.065433	8	3	3	0	1	2	2	4062	675	31	51287	19	9	35	0	0	0	0	0	0	0	0	0	0	0	0	0	0	
855.066233	8	3	3	0	1	2	2	4071	675	31	51347	19	9	35	0	0	0	0	0	0	0	0	0	0	0	0	0	0	
856.069917	8	3	3	0	1	2	2	4079	674	31	51407	19	9	35	0	0	0	0	0	0	0	0	0	0	0	0	0	0	
857.070717	8	3	3	0	1	2	2	4087	675	31	51467	19	9	35	0	0	0	0	0	0	0	0	0	0	0	0	0	0	
858.071517	8	3	3	0	1	2	2	4095	675	31	51527	19	9	35	0	0	0	0	0	0	0	0	0	0	0	0	0	0	
859.073767	8	3	3	0	1	2	2	4103	675	31	51587	19	9	35	0	0	0	0	0	0	0	0	0	0	0	0	0	0	
860.077433	8	3	3	0	1	2	2	4112	674	31	51647	19	9	35	0	0	0	0	0	0	0	0	0	0	0	0	0	0	
861.078233	8	3	3	0	1	2	2	4119	668	31	51707	19	9	35	0	0	0	0	0	0	0	0	0	0	0	0	0	0	
862.079033	8	3	3	0	1	2	2	4127	668	31	51767	19	9	35	0	0	0	0	0	0	0	0	0	0	0	0	0	0	
863.081283	8	3	3	0	1	2	2	4134	665	31	51828	19	9	35	0	0	0	0	0	0	0	0	0	0	0	0	0	0	
864.067683	8	3	3	0	1	2	2	4143	664	31	51887	19	9	35	0	0	0	0	0	0	0	0	0	0	0	0	0	0	
865.071367	8	3	3	0	1	2	2	4151	663	31	51947	19	9	35	0	0	0	0	0	0	0	0	0	0	0	0	0	0	
866.072167	8	3	3	0	1	2	2	4159	661	31	52007	19	9	35	0	0	0	0	0	0	0	0	0	0	0	0	0	0	
867.072967	8	3	3	0	1	2	2	4167	660	31	52067	19	9	35	0	0	0	0	0	0	0	0	0	0	0	0	0	0	
868.076633	8	3	3	0	1	2	2	4175	658	31	52127	19	9	35	0	0	0	0	0	0	0	0	0	0	0	0	0	0	
869.077433	8	3	3	0	1	2	2	4183	657	31	52187	19	9	35	0	0	0	0	0	0	0	0	0	0	0	0	0	0	
870.078233	8	3	3	0	1	2	2	4191	655	31	52247	19	9	35	0	0	0	0	0	0	0	0	0	0	0	0	0	0	
871.079033	8	3	3	0	1	2	2	4198	641	31	52307	19	9	35	0	0	0	0	0	0	0	0	0	0	0	0	0	0	
872.079833	8	3	3	0	1	2	2	4199	595	31	52368	19	9	35	0	0	0	0	0	0	0	0	0	0	0	0	0	0	
873.064800	8	3	3	0	1	2	2	4199	557	31	52427	19	9	35	0	0	0	0	0	0	0	0	0	0	0	0	0	0	
874.067033	8	3	3	0	1	2	2	4199	526	31	52487	19	9	35	0	0	0	0	0	0	0	0	0	0	0	0	0	0	
875.073600	8	3	3	0	1	2	2	4198	492	31	52547	19	9	35	0	0	0	0	0	0	0	0	0	0	0	0	0	0	
876.080167	8	3	3	0	1	2	2	4198	463	31	52608	19	9	35	0	0	0	0	0	0	0	0	0	0	0	0	0	0	
877.066567	8	3	3	0	1	2	2	4199	436	31	52667	19	9	35	0	0	0	0	0	0	0	0	0	0	0	0	0	0	
878.067367	8	3	3	0	1	2	2	4199	411	31	52727	19	9	35	0	0	0	0	0	0	0	0	0	0	0	0	0	0	
879.066717	8	3	3	0	1	2	2	4198	388	31	52787	19	9	35	0	0	0	0	0	0	0	0	0	0	0	0	0	0	
880.067517	8	3	3	0	1	2	2	4198	367	31	52847	19	9	35	0	0	0	0	0	0	0	0	0	0	0	0	0	0	
881.072633	8	3	3	0	1	2	2	4199	346	31	52907	19	9	35	0	0	0	0	0	0	0	0	0	0	0	0	0	0	
882.072000	8	3	3	0	1	2	2	4198	327	31	52967	19	9	35	0	0	0	0	0	0	0	0	0	0	0	0	0	0	
883.072800	8	3	3	0	1	2	2	4198	310	31	53027	19	9	35	0	0	0	0	0	0	0	0	0	0	0	0	0	0	
884.073600	8	3	3	0	1	2	2	4199	294	31	53087	19	9	35	0	0	0	0	0	0	0	0	0	0	0	0	0	0	
885.074400	8	3	3	0	1	2	2	4198	279	31	53147	19	9	35	0	0	0	0	0	0	0	0	0	0	0	0	0	0	
886.078083	8	3	3	0	1	2	2	4199	264	31	53207	19	9	35	0	0	0	0	0	0	0	0	0	0	0	0	0	0	
887.078883	8	3	3	0	1	2	2	4199	251	31	53267	19	9	35	0	0	0	0	0	0	0	0	0	0	0	0	0	0	
888.082567	8	3	3	0	1	2	2	4199	241	31	53328	19	9	35	0	0	0	0	0	0	0	0	0	0	0	0	0	0	
889.071833	8	3	3	0	1	2	2	4198	225	31	53387	19	9	35	0	0	0	0	0	0	0	0	0	0	0	0	0	0	
890.075517	8	3	3	0	1	2	2	4198	215	31	53447	19	9	35	0	0	0	0	0	0	0	0	0	0	0	0	0	0	
891.080633	8	3	3	0	1	2	2	4199	206	31	53507	19	9	35	0	0	0	0	0	0	0	0	0	0	0	0	0	0	
892.081433	8	3	3	0	1	2	2	4198	195	31	53567	19	9	35	0	0	0	0	0	0	0	0	0	0	0	0	0	0	
893.080800	8	3	3	0	1	2	2	4198	185	31	53628	19	9	35	0	0	0	0	0	0	0	0	0	0	0	0	0	0	
894.067200	8	3	3	0	1	2	2	4198	176	31	53687	19	9	35	0	0	0	0	0	0	0	0	0	0	0	0	0	0	
895.068000	8	3	3	0	1	2	2	4199	168	31	53747	19	9	35	0	0	0	0	0	0	0	0	0	0	0	0	0	0	
896.067367	8	3	3	0	1	2	2	4198	160	31	53807	19	9	35	0	0	0	0	0	0	0	0	0	0	0	0	0	0	
897.068167	8	3	3	0	1	2	2	4198	152	31	53867	19	9	35	0	0	0	0	0	0	0	0	0	0	0	0	0	0	
898.068967	8	3	3	0	1	2	2	4198	144	31	53927	19	9	35	0	0	0	0	0	0	0	0	0	0	0	0	0	0	
899.072633	8	3	3	0	1	2	2	4199	137	31	53987	19	9	35	0	0	0	0	0	0	0	0	0	0	0	0	0	0	
900.073433	8	3	3	0	1	2	2	4198	135	31	54047	19	9	35	0	0	0	0	0	0	0	0	0	0	0	0	0	0	
901.074233	8	3	3	0	1	2	2	4198	125	31	54107	19	9	35	0	0	0	0	0	0	0	0	0	0	0	0	0	0	
902.075033	8	3	3	0	1	2	2	4198	118	31	54167	19	9	35	0	0	0	0	0	0	0	0	0	0	0	0	0	0	
903.077283	8	3	3	0	1	2	2	4199	118	31	54227	19	9	35	0	0	0	0	0	0	0	0	0	0	0	0	0	0	
904.080967	8	3	3	0	1	2	2	4198	108	31	54287	19	9	35	0	0	0	0	0	0	0	0	0	0	0	0	0	0	
905.081767	8	3	3	0	1	2	2	4199	104	31	54347	19	9	35	0	0	0	0	0	0	0	0	0	0	0	0	0	0	
906.082567	8	3	3	0	1	2	2	4198	99	31	54408	19	9	35	0	0	0	0	0	0	0	0	0	0	0	0	0	0	
907.071833	8	3	3	0	1	2	2	4198	93	31	54467	19	9	35	0	0	0	0	0	0	0	0	0	0	0	0	0	0	
908.075517	8	3	3	0	1	2	2	4198	90	31	54527	19	9	35	0	0	0	0	0	0	0	0	0	0	0	0	0	0	
909.076317	8	3	3	0	1	2	2	4199	85	31	54587	19	9	35	0	0	0	0	0	0	0	0	0	0	0	0	0	0	
910.077117	8	3	3	0	1	2	2	4198	80	31	54647	19	9	35	0	0	0	0	0	0	0	0	0	0	0	0	0	0	
911.080800	8	3	3	0	1	2	2	4199	78	31	54707	19	9	35	0	0	0	0	0	0	0	0	0	0	0	0	0	0	
912.081600	8	3	3	0	1	2	2	4198	75	31	54767	19	9	35	0	0	0	0	0	0	0	0	0	0	0	0	0	0	
913.068000	8	3	3	0	1	2	2	4199	73	31	54827	19	9	35	0	0	0	0	0	0	0	0	0	0	0	0	0	0	
914.076000	8	3	3	0	1	2	2	4199	69	31	54887	19	9	35	0	0	0	0	0	0	0	0	0	0	0	0	0	0	
914.748483	8	6	3	0	2	7	1	4136	-470	31	54927	19	10	0	0	0	0	0	0	0	0	0	0	0	0	0	0	0	
915.078233	8	6	3	0	2	7	1	3975	-1349	31	54947	19	10	0	0	0	0	0	0	0	0	0	0	0	0	0	0	0	
916.081917	8	6	3	0	2	7	1	3896	-1349	31	55007	19	10	2	0	0	0	0	0	0	0	0	0	0	0	0	0	0	
917.082717	8	6	3	0	2	7	1	3791	-1349	31	55067	19	10	3	0	0	0	0	0	0	0	0	0	0	0	0	0	0	
918.070567	8	6	3	0	2	7	1	3728	-1349	31	55127	19	10	5	0	0	0	0	0	0	0	0	0	0	0	0	0	0	
919.077117	8	6	3	0	2	7	1	3678	-1350	31	55187	19	10	7	0	0	0	0	0	0	0	0	0	0	0	0	0	0	
920.080800	8	6	3	0	2	7	1	3635	-1350	31	55247	19	10	8	0	0	0	0	0	0	0	0	0	0	0	0	0	0	
921.081600	8	6	3	0	2	7	1	3597	-1349	31	55307	19	10	10	0	0	0	0	0	0	0	0	0	0	0	0	0	0	
922.082400	8	6	3	0	2	7	1	3561	-1349	31	55367	19	10	12	0	0	0	0	0	0	0	0	0	0	0	0	0	0	
923.083200	8	6	3	0	2	7	1	3528	-1348	31	55427	19	10	13	0	0	0	0	0	0	0	0	0	0	0	0	0	0	
924.084000	8	6	3	0	2	7	1	3501	-1350	31	55488	19	10	15	0	0	0	0	0	0	0	0	0	0	0	0	0	0	
925.070400	8	6	3	0	2	7	1	3476	-1349	31	55547	19	10	16	0	0	0	0	0	0	0	0	0	0	0	0	0	0	
926.071200	8	6	3	0	2	7	1	3452	-1351	31	55607	19	10	18	0	0	0	0	0	0	0	0	0	0	0	0	0	0	
927.074883	8	6	3	0	2	7	1	3429	-1351	31	55667	19	10	20	0	0	0	0	0	0	0	0	0	0	0	0	0	0	
928.075683	8	6	3	0	2	7	1	3407	-1349	31	55727	19	10	21	0	0	0	0	0	0	0	0	0	0	0	0	0	0	
929.076483	8	6	3	0	2	7	1	3382	-1348	31	55787	19	10	23	0	0	0	0	0	0	0	0	0	0	0	0	0	0	
930.077283	8	6	3	0	2	7	1	3353	-1349	31	55847	19	10	25	0	0	0	0	0	0	0	0	0	0	0	0	0	0	
931.078083	8	6	3	0	2	7	1	3314	-1349	31	55907	19	10	26	0	0	0	0	0	0	0	0	0	0	0	0	0	0	
932.081767	8	6	3	0	2	7	1	3264	-1352	31	55967	19	10	28	0	0	0	0	0	0	0	0	0	0	0	0	0	0	
933.084000	8	6	3	0	2	7	1	3191	-1349	31	56028	19	10	30	0	0	0	0	0	0	0	0	0	0	0	0	0	0	
934.073283	8	6	3	0	2	7	1	3085	-1349	31	56087	19	10	31	0	0	0	0	0	0	0	0	0	0	0	0	0	0	
935.076967	8	6	3	0	2	7	1	2907	-1350	31	56147	19	10	33	0	0	0	0	0	0	0	0	0	0	0	0	0	0	
936.021600	8	15	3	0	1	31	2	3353	394	31	56204	21	10	35	0	0	0	0	0	0	0	0	0	0	0	0	0	0	
936.041767	8	3	3	0	1	2	2	3583	676	31	56205	21	10	35	0	0	0	0	0	0	0	0	0	0	0	0	0	0	
936.080633	8	3	3	0	1	2	2	3673	674	31	56207	21	10	35	0	0	0	0	0	0	0	0	0	0	0	0	0	0	
937.085767	8	3	3	0	1	2	2	3895	674	31	56268	21	10	35	0	0	0	0	0	0	0	0	0	0	0	0	0	0	
938.075033	8	3	3	0	1	2	2	3942	675	31	56327	21	10	35	0	0	0	0	0	0	0	0	0	0	0	0	0	0	
939.080167	8	3	3	0	1	2	2	3972	674	31	56387	21	10	35	0	0	0	0	0	0	0	0	0	0	0	0	0	0	
940.083833	8	3	3	0	1	2	2	3993	675	31	56447	21	10	35	0	0	0	0	0	0	0	0	0	0	0	0	0	0	
941.084633	8	3	3	0	1	2	2	4008	674	31	56507	21	10	35	0	0	0	0	0	0	0	0	0	0	0	0	0	0	
942.085433	8	3	3	0	1	2	2	4022	674	31	56568	21	10	35	0	0	0	0	0	0	0	0	0	0	0	0	0	0	
943.070400	8	3	3	0	1	2	2	4033	675	31	56627	21	10	35	0	0	0	0	0	0	0	0	0	0	0	0	0	0	
944.071200	8	3	3	0	1	2	2	4043	674	31	56687	21	10	35	0	0	0	0	0	0	0	0	0	0	0	0	0	0	
945.072000	8	3	3	0	1	2	2	4052	674	31	56747	21	10	35	0	0	0	0	0	0	0	0	0	0	0	0	0	0	
946.072800	8	3	3	0	1	2	2	4061	674	31	56807	21	10	35	0	0	0	0	0	0	0	0	0	0	0	0	0	0	
947.073600	8	3	3	0	1	2	2	4070	674	31	56867	21	10	35	0	0	0	0	0	0	0	0	0	0	0	0	0	0	
948.078717	8	3	3	0	1	2	2	4078	675	31	56927	21	10	35	0	0	0	0	0	0	0	0	0	0	0	0	0	0	
949.079517	8	3	3	0	1	2	2	4087	674	31	56987	21	10	35	0	0	0	0	0	0	0	0	0	0	0	0	0	0	
950.086083	8	3	3	0	1	2	2	4094	675	31	57047	21	10	35	0	0	0	0	0	0	0	0	0	0	0	0	0	0	
951.072483	8	3	3	0	1	2	2	4102	675	31	57107	21	10	35	0	0	0	0	0	0	0	0	0	0	0	0	0	0	
952.073283	8	3	3	0	1	2	2	4111	675	31	57167	21	10	35	0	0	0	0	0	0	0	0	0	0	0	0	0	0	
953.074083	8	3	3	0	1	2	2	4118	668	31	57227	21	10	35	0	0	0	0	0	0	0	0	0	0	0	0	0	0	
954.077767	8	3	3	0	1	2	2	4125	666	31	57287	21	10	35	0	0	0	0	0	0	0	0	0	0	0	0	0	0	
955.078567	8	3	3	0	1	2	2	4133	664	31	57347	21	10	35	0	0	0	0	0	0	0	0	0	0	0	0	0	0	
956.079367	8	3	3	0	1	2	2	4141	663	31	57407	21	10	35	0	0	0	0	0	0	0	0	0	0	0	0	0	0	
957.080167	8	3	3	0	1	2	2	4149	660	31	57467	21	10	35	0	0	0	0	0	0	0	0	0	0	0	0	0	0	
958.080967	8	3	3	0	1	2	2	4158	659	31	57527	21	10	35	0	0	0	0	0	0	0	0	0	0	0	0	0	0	
959.084633	8	3	3	0	1	2	2	4166	658	31	57587	21	10	35	0	0	0	0	0	0	0	0	0	0	0	0	0	0	
960.085433	8	3	3	0	1	2	2	4174	655	31	57647	21	10	35	0	0	0	0	0	0	0	0	0	0	0	0	0	0	
961.086233	8	3	3	0	1	2	2	4182	653	31	57707	21	10	35	0	0	0	0	0	0	0	0	0	0	0	0	0	0	
962.087033	8	3	3	0	1	2	2	4190	652	31	57767	21	10	35	0	0	0	0	0	0	0	0	0	0	0	0	0	0	
963.079200	8	3	3	0	1	2	2	4198	650	31	57827	21	10	35	0	0	0	0	0	0	0	0	0	0	0	0	0	0	
964.078567	8	3	3	0	1	2	2	4198	603	31	57887	21	10	35	0	0	0	0	0	0	0	0	0	0	0	0	0	0	
965.079367	8	3	3	0	1	2	2	4198	566	31	57947	21	10	35	0	0	0	0	0	0	0	0	0	0	0	0	0	0	
966.080167	8	3	3	0	1	2	2	4198	531	31	58007	21	10	35	0	0	0	0	0	0	0	0	0	0	0	0	0	0	
967.080967	8	3	3	0	1	2	2	4198	499	31	58067	21	10	35	0	0	0	0	0	0	0	0	0	0	0	0	0	0	
968.081767	8	3	3	0	1	2	2	4198	469	31	58127	21	10	35	0	0	0	0	0	0	0	0	0	0	0	0	0	0	
969.085433	8	3	3	0	1	2	2	4198	441	31	58187	21	10	35	0	0	0	0	0	0	0	0	0	0	0	0	0	0	
970.086233	8	3	3	0	1	2	2	4199	416	31	58247	21	10	35	0	0	0	0	0	0	0	0	0	0	0	0	0	0	
971.087033	8	3	3	0	1	2	2	4199	392	31	58307	21	10	35	0	0	0	0	0	0	0	0	0	0	0	0	0	0	
972.087833	8	3	3	0	1	2	2	4198	372	31	58367	21	10	35	0	0	0	0	0	0	0	0	0	0	0	0	0	0	
973.087200	8	3	3	0	1	2	2	4198	351	31	58428	21	10	35	0	0	0	0	0	0	0	0	0	0	0	0	0	0	
974.073600	8	3	3	0	1	2	2	4199	332	31	58487	21	10	35	0	0	0	0	0	0	0	0	0	0	0	0	0	0	
975.075833	8	3	3	0	1	2	2	4199	316	31	58547	21	10	35	0	0	0	0	0	0	0	0	0	0	0	0	0	0	
976.080967	8	3	3	0	1	2	2	4198	297	31	58607	21	10	35	0	0	0	0	0	0	0	0	0	0	0	0	0	0	
977.081767	8	3	3	0	1	2	2	4198	281	31	58667	21	10	35	0	0	0	0	0	0	0	0	0	0	0	0	0	0	
978.088317	8	3	3	0	1	2	2	4199	271	31	58727	21	10	35	0	0	0	0	0	0	0	0	0	0	0	0	0	0	
979.076167	8	3	3	0	1	2	2	4199	254	31	58787	21	10	35	0	0	0	0	0	0	0	0	0	0	0	0	0	0	
980.081283	8	3	3	0	1	2	2	4199	242	31	58847	21	10	35	0	0	0	0	0	0	0	0	0	0	0	0	0	0	
981.082083	8	3	3	0	1	2	2	4199	231	31	58907	21	10	35	0	0	0	0	0	0	0	0	0	0	0	0	0	0	
982.082883	8	3	3	0	1	2	2	4199	218	31	58967	21	10	35	0	0	0	0	0	0	0	0	0	0	0	0	0	0	
983.086567	8	3	3	0	1	2	2	4199	208	31	59027	21	10	35	0	0	0	0	0	0	0	0	0	0	0	0	0	0	
984.087367	8	3	3	0	1	2	2	4198	198	31	59087	21	10	35	0	0	0	0	0	0	0	0	0	0	0	0	0	0	
985.086717	8	3	3	0	1	2	2	4198	188	31	59147	21	10	35	0	0	0	0	0	0	0	0	0	0	0	0	0	0	
986.087517	8	3	3	0	1	2	2	4198	179	31	59207	21	10	35	0	0	0	0	0	0	0	0	0	0	0	0	0	0	
987.088317	8	3	3	0	1	2	2	4198	170	31	59268	21	10	35	0	0	0	0	0	0	0	0	0	0	0	0	0	0	
988.074717	8	3	3	0	1	2	2	4198	161	31	59327	21	10	35	0	0	0	0	0	0	0	0	0	0	0	0	0	0	
989.075517	8	3	3	0	1	2	2	4198	154	31	59387	21	10	35	0	0	0	0	0	0	0	0	0	0	0	0	0	0	
990.076317	8	3	3	0	1	2	2	4198	146	31	59447	21	10	35	0	0	0	0	0	0	0	0	0	0	0	0	0	0	
991.081433	8	3	3	0	1	2	2	4198	139	31	59507	21	10	35	0	0	0	0	0	0	0	0	0	0	0	0	0	0	
992.080800	8	3	3	0	1	2	2	4198	134	31	59567	21	10	35	0	0	0	0	0	0	0	0	0	0	0	0	0	0	
993.084483	8	3	3	0	1	2	2	4199	129	31	59627	21	10	35	0	0	0	0	0	0	0	0	0	0	0	0	0	0	
994.088167	8	3	3	0	1	2	2	4199	120	31	59687	21	10	35	0	0	0	0	0	0	0	0	0	0	0	0	0	0	
995.088967	8	3	3	0	1	2	2	4199	115	31	59747	21	10	35	0	0	0	0	0	0	0	0	0	0	0	0	0	0	
996.089767	8	3	3	0	1	2	2	4199	109	31	59807	21	10	35	0	0	0	0	0	0	0	0	0	0	0	0	0	0	
997.089117	8	3	3	0	1	2	2	4199	105	31	59868	21	10	35	0	0	0	0	0	0	0	0	0	0	0	0	0	0	
998.075517	8	3	3	0	1	2	2	4199	100	31	59927	21	10	35	0	0	0	0	0	0	0	0	0	0	0	0	0	0	
999.076317	8	3	3	0	1	2	2	4198	95	31	59987	21	10	35	0	0	0	0	0	0	0	0	0	0	0	0	0	0	
1000.078567	8	3	3	0	1	2	2	4199	93	31	60047	21	10	35	0	0	0	0	0	0	0	0	0	0	0	0	0	0	
1001.082233	8	3	3	0	1	2	2	4198	87	31	60107	21	10	35	0	0	0	0	0	0	0	0	0	0	0	0	0	0	
1002.083033	8	3	3	0	1	2	2	4198	83	31	60167	21	10	35	0	0	0	0	0	0	0	0	0	0	0	0	0	0	
1003.082400	8	3	3	0	1	2	2	4198	79	31	60227	21	10	35	0	0	0	0	0	0	0	0	0	0	0	0	0	0	
1004.083200	8	3	3	0	1	2	2	4198	76	31	60287	21	10	35	0	0	0	0	0	0	0	0	0	0	0	0	0	0	
1005.084000	8	3	3	0	1	2	2	4199	71	31	60347	21	10	35	0	0	0	0	0	0	0	0	0	0	0	0	0	0	
1006.087683	8	3	3	0	1	2	2	4198	69	31	60407	21	10	35	0	0	0	0	0	0	0	0	0	0	0	0	0	0	
1007.089917	8	3	3	0	1	2	2	4199	70	31	60468	21	10	35	0	0	0	0	0	0	0	0	0	0	0	0	0	0	
1007.540633	8	6	3	0	2	7	1	4045	-1157	31	60495	21	11	0	0	0	0	0	0	0	0	0	0	0	0	0	0	0	
1008.077767	8	6	3	0	2	7	1	3957	-1348	31	60527	21	11	0	0	0	0	0	0	0	0	0	0	0	0	0	0	0	
1009.078567	8	6	3	0	2	7	1	3875	-1350	31	60587	21	11	2	0	0	0	0	0	0	0	0	0	0	0	0	0	0	
1010.082233	8	6	3	0	2	7	1	3775	-1350	31	60647	21	11	4	0	0	0	0	0	0	0	0	0	0	0	0	0	0	
1011.083033	8	6	3	0	2	7	1	3716	-1348	31	60707	21	11	5	0	0	0	0	0	0	0	0	0	0	0	0	0	0	
1012.083833	8	6	3	0	2	7	1	3667	-1350	31	60767	21	11	7	0	0	0	0	0	0	0	0	0	0	0	0	0	0	
1013.088967	8	6	3	0	2	7	1	3624	-1346	31	60827	21	11	9	0	0	0	0	0	0	0	0	0	0	0	0	0	0	
1014.089767	8	6	3	0	2	7	1	3587	-1350	31	60887	21	11	10	0	0	0	0	0	0	0	0	0	0	0	0	0	0	
1015.090567	8	6	3	0	2	7	1	3553	-1350	31	60947	21	11	12	0	0	0	0	0	0	0	0	0	0	0	0	0	0	
1016.091367	8	6	3	0	2	7	1	3523	-1351	31	61008	21	11	14	0	0	0	0	0	0	0	0	0	0	0	0	0	0	
1017.076317	8	6	3	0	2	7	1	3497	-1350	31	61067	21	11	15	0	0	0	0	0	0	0	0	0	0	0	0	0	0	
1018.077117	8	6	3	0	2	7	1	3472	-1351	31	61127	21	11	17	0	0	0	0	0	0	0	0	0	0	0	0	0	0	
1019.077917	8	6	3	0	2	7	1	3447	-1349	31	61187	21	11	19	0	0	0	0	0	0	0	0	0	0	0	0	0	0	
1020.078717	8	6	3	0	2	7	1	3424	-1349	31	61247	21	11	20	0	0	0	0	0	0	0	0	0	0	0	0	0	0	
1021.076633	8	6	3	0	2	7	1	3399	-1350	31	61307	21	11	22	0	0	0	0	0	0	0	0	0	0	0	0	0	0	
1022.077433	8	6	3	0	2	7	1	3374	-1353	31	61367	21	11	24	0	0	0	0	0	0	0	0	0	0	0	0	0	0	
1023.078233	8	6	3	0	2	7	1	3343	-1349	31	61427	21	11	25	0	0	0	0	0	0	0	0	0	0	0	0	0	0	
1024.079033	8	6	3	0	2	7	1	3303	-1348	31	61487	21	11	27	0	0	0	0	0	0	0	0	0	0	0	0	0	0	
1025.085600	8	6	3	0	2	7	1	3246	-1350	31	61547	21	11	28	0	0	0	0	0	0	0	0	0	0	0	0	0	0	
1026.086400	8	6	3	0	2	7	1	3164	-1349	31	61607	21	11	30	0	0	0	0	0	0	0	0	0	0	0	0	0	0	
1027.090083	8	6	3	0	2	7	1	3043	-1348	31	61667	21	11	32	0	0	0	0	0	0	0	0	0	0	0	0	0	0	
1028.090883	8	6	3	0	2	7	1	2844	-1350	31	61727	21	11	33	0	0	0	0	0	0	0	0	0	0	0	0	0	0	
1028.730233	10	0	5	0	0	15	0	2968	0	31	61765	21	11	34	0	0	0	0	0	0	0	0	0	0	0	0	0	0	
1028.744633	8	15	3	0	0	31	0	3238	0	31	61765	21	11	34	0	0	0	0	0	0	0	0	0	0	0	0	0	0	
