Time	Status code	Status category	Status color	Pgm code	Pgm step	Pgm para	Pgm cycle	mV	mA	Temperature	Duration	Charge count	Discharge count	Capacity	Analog input 1	Analog input 2	Analog input 3	Analog input 4	Digital input 1	Digital input 2	Digital input 3	Digital input 4	Digital output 1	Digital output 2	Digital output 3	Digital output 4	Analog output 1	Analog output 2	
0.000000	8	3	3	0	1	2	2	4098	30	22	1	1	0	0	0	0	0	0	0	0	0	0	0	0	0	0	0	0	
0.344167	8	6	3	0	2	7	1	4009	-270	22	22	1	1	0	0	0	0	0	0	0	0	0	0	0	0	0	0	0	
0.858233	8	6	3	0	2	7	1	3497	-1351	23	53	1	1	0	0	0	0	0	0	0	0	0	0	0	0	0	0	0	
1.873433	8	6	3	0	2	7	1	3532	-1350	25	114	1	1	2	0	0	0	0	0	0	0	0	0	0	0	0	0	0	
2.868483	8	6	3	0	2	7	1	3509	-1350	28	173	1	1	4	0	0	0	0	0	0	0	0	0	0	0	0	0	0	
3.864967	8	6	3	0	2	7	1	3503	-1350	29	233	1	1	5	0	0	0	0	0	0	0	0	0	0	0	0	0	0	
4.860000	8	6	3	0	2	7	1	3457	-1350	33	293	1	1	7	0	0	0	0	0	0	0	0	0	0	0	0	0	0	
5.875200	8	6	3	0	2	7	1	3512	-1349	35	354	1	1	9	0	0	0	0	0	0	0	0	0	0	0	0	0	0	
6.870233	8	6	3	0	2	7	1	3486	-1350	38	413	1	1	10	0	0	0	0	0	0	0	0	0	0	0	0	0	0	
7.866717	8	6	3	0	2	7	1	3469	-1350	39	473	1	1	12	0	0	0	0	0	0	0	0	0	0	0	0	0	0	
8.863200	8	6	3	0	2	7	1	3439	-1349	40	533	1	1	14	0	0	0	0	0	0	0	0	0	0	0	0	0	0	
9.858233	8	6	3	0	2	7	1	3462	-1350	42	593	1	1	15	0	0	0	0	0	0	0	0	0	0	0	0	0	0	
10.873433	8	6	3	0	2	7	1	3484	-1349	44	654	1	1	17	0	0	0	0	0	0	0	0	0	0	0	0	0	0	
11.867033	8	6	3	0	2	7	1	3462	-1350	45	713	1	1	19	0	0	0	0	0	0	0	0	0	0	0	0	0	0	
12.872167	8	6	3	0	2	7	1	3450	-1348	46	773	1	1	20	0	0	0	0	0	0	0	0	0	0	0	0	0	0	
13.858567	8	6	3	0	2	7	1	3436	-1351	46	833	1	1	22	0	0	0	0	0	0	0	0	0	0	0	0	0	0	
14.863683	8	6	3	0	2	7	1	3447	-1351	47	893	1	1	23	0	0	0	0	0	0	0	0	0	0	0	0	0	0	
15.870233	8	6	3	0	2	7	1	3450	-1349	47	953	1	1	25	0	0	0	0	0	0	0	0	0	0	0	0	0	0	
16.875367	8	6	3	0	2	7	1	3451	-1351	47	1014	1	1	27	0	0	0	0	0	0	0	0	0	0	0	0	0	0	
17.861767	8	6	3	0	2	7	1	3440	-1349	47	1073	1	1	28	0	0	0	0	0	0	0	0	0	0	0	0	0	0	
18.866883	8	6	3	0	2	7	1	3439	-1350	47	1133	1	1	30	0	0	0	0	0	0	0	0	0	0	0	0	0	0	
19.872000	8	6	3	0	2	7	1	3430	-1350	47	1193	1	1	32	0	0	0	0	0	0	0	0	0	0	0	0	0	0	
20.858400	8	6	3	0	2	7	1	3425	-1349	47	1253	1	1	33	0	0	0	0	0	0	0	0	0	0	0	0	0	0	
21.864967	8	6	3	0	2	7	1	3420	-1350	47	1313	1	1	35	0	0	0	0	0	0	0	0	0	0	0	0	0	0	
22.870083	8	6	3	0	2	7	1	3414	-1348	47	1373	1	1	37	0	0	0	0	0	0	0	0	0	0	0	0	0	0	
23.875200	8	6	3	0	2	7	1	3409	-1351	47	1434	1	1	38	0	0	0	0	0	0	0	0	0	0	0	0	0	0	
24.861600	8	6	3	0	2	7	1	3403	-1351	47	1493	1	1	40	0	0	0	0	0	0	0	0	0	0	0	0	0	0	
25.866717	8	6	3	0	2	7	1	3396	-1348	46	1553	1	1	42	0	0	0	0	0	0	0	0	0	0	0	0	0	0	
26.873283	8	6	3	0	2	7	1	3392	-1349	46	1613	1	1	43	0	0	0	0	0	0	0	0	0	0	0	0	0	0	
27.878400	8	6	3	0	2	7	1	3387	-1350	46	1674	1	1	45	0	0	0	0	0	0	0	0	0	0	0	0	0	0	
28.864800	8	6	3	0	2	7	1	3381	-1350	46	1733	1	1	47	0	0	0	0	0	0	0	0	0	0	0	0	0	0	
29.869917	8	6	3	0	2	7	1	3375	-1350	46	1793	1	1	48	0	0	0	0	0	0	0	0	0	0	0	0	0	0	
30.875033	8	6	3	0	2	7	1	3369	-1348	45	1854	1	1	50	0	0	0	0	0	0	0	0	0	0	0	0	0	0	
31.861433	8	6	3	0	2	7	1	3363	-1350	45	1913	1	1	52	0	0	0	0	0	0	0	0	0	0	0	0	0	0	
32.868000	8	6	3	0	2	7	1	3356	-1349	45	1973	1	1	53	0	0	0	0	0	0	0	0	0	0	0	0	0	0	
33.873117	8	6	3	0	2	7	1	3349	-1350	45	2033	1	1	55	0	0	0	0	0	0	0	0	0	0	0	0	0	0	
34.878233	8	6	3	0	2	7	1	3343	-1350	45	2094	1	1	57	0	0	0	0	0	0	0	0	0	0	0	0	0	0	
35.864633	8	6	3	0	2	7	1	3334	-1352	45	2153	1	1	58	0	0	0	0	0	0	0	0	0	0	0	0	0	0	
36.869767	8	6	3	0	2	7	1	3325	-1350	45	2213	1	1	60	0	0	0	0	0	0	0	0	0	0	0	0	0	0	
37.874883	8	6	3	0	2	7	1	3314	-1349	45	2274	1	1	62	0	0	0	0	0	0	0	0	0	0	0	0	0	0	
38.862717	8	6	3	0	2	7	1	3301	-1349	45	2333	1	1	63	0	0	0	0	0	0	0	0	0	0	0	0	0	0	
39.867833	8	6	3	0	2	7	1	3286	-1350	45	2393	1	1	65	0	0	0	0	0	0	0	0	0	0	0	0	0	0	
40.872967	8	6	3	0	2	7	1	3266	-1350	44	2453	1	1	67	0	0	0	0	0	0	0	0	0	0	0	0	0	0	
41.878083	8	6	3	0	2	7	1	3241	-1349	44	2514	1	1	68	0	0	0	0	0	0	0	0	0	0	0	0	0	0	
42.864483	8	6	3	0	2	7	1	3205	-1349	44	2573	1	1	70	0	0	0	0	0	0	0	0	0	0	0	0	0	0	
43.871033	8	6	3	0	2	7	1	3140	-1350	44	2633	1	1	72	0	0	0	0	0	0	0	0	0	0	0	0	0	0	
44.876167	8	6	3	0	2	7	1	3010	-1350	44	2694	1	1	73	0	0	0	0	0	0	0	0	0	0	0	0	0	0	
45.843833	8	15	3	0	1	31	2	2933	43	44	2752	2	1	75	0	0	0	0	0	0	0	0	0	0	0	0	0	0	
45.864000	8	3	3	0	1	2	2	3052	239	44	2753	3	1	75	0	0	0	0	0	0	0	0	0	0	0	0	0	0	
46.869117	8	3	3	0	1	2	2	3509	674	44	2813	3	1	75	0	0	0	0	0	0	0	0	0	0	0	0	0	0	
47.875683	8	3	3	0	1	2	2	3623	674	44	2873	3	1	75	0	0	0	0	0	0	0	0	0	0	0	0	0	0	
48.862083	8	3	3	0	1	2	2	3696	676	44	2933	3	1	75	0	0	0	0	0	0	0	0	0	0	0	0	0	0	
49.867200	8	3	3	0	1	2	2	3750	674	44	2993	3	1	75	0	0	0	0	0	0	0	0	0	0	0	0	0	0	
50.872317	8	3	3	0	1	2	2	3792	675	44	3053	3	1	75	0	0	0	0	0	0	0	0	0	0	0	0	0	0	
51.878883	8	3	3	0	1	2	2	3825	676	43	3114	3	1	75	0	0	0	0	0	0	0	0	0	0	0	0	0	0	
52.865283	8	3	3	0	1	2	2	3841	674	44	3173	3	1	75	0	0	0	0	0	0	0	0	0	0	0	0	0	0	
53.870400	8	3	3	0	1	2	2	3850	675	44	3233	3	1	75	0	0	0	0	0	0	0	0	0	0	0	0	0	0	
54.875517	8	3	3	0	1	2	2	3856	675	43	3293	3	1	75	0	0	0	0	0	0	0	0	0	0	0	0	0	0	
55.861917	8	3	3	0	1	2	2	3861	675	43	3353	3	1	75	0	0	0	0	0	0	0	0	0	0	0	0	0	0	
56.867033	8	3	3	0	1	2	2	3865	674	43	3413	3	1	75	0	0	0	0	0	0	0	0	0	0	0	0	0	0	
57.873600	8	3	3	0	1	2	2	3870	675	43	3473	3	1	75	0	0	0	0	0	0	0	0	0	0	0	0	0	0	
58.878717	8	3	3	0	1	2	2	3874	673	43	3534	3	1	75	0	0	0	0	0	0	0	0	0	0	0	0	0	0	
59.865117	8	3	3	0	1	2	2	3880	676	43	3593	3	1	75	0	0	0	0	0	0	0	0	0	0	0	0	0	0	
60.870233	8	3	3	0	1	2	2	3885	675	43	3653	3	1	75	0	0	0	0	0	0	0	0	0	0	0	0	0	0	
61.876800	8	3	3	0	1	2	2	3890	674	43	3713	3	1	75	0	0	0	0	0	0	0	0	0	0	0	0	0	0	
62.863200	8	3	3	0	1	2	2	3895	674	43	3773	3	1	75	0	0	0	0	0	0	0	0	0	0	0	0	0	0	
63.868317	8	3	3	0	1	2	2	3901	675	43	3833	3	1	75	0	0	0	0	0	0	0	0	0	0	0	0	0	0	
64.873433	8	3	3	0	1	2	2	3907	675	43	3893	3	1	75	0	0	0	0	0	0	0	0	0	0	0	0	0	0	
65.878567	8	3	3	0	1	2	2	3913	675	43	3954	3	1	75	0	0	0	0	0	0	0	0	0	0	0	0	0	0	
66.864967	8	3	3	0	1	2	2	3919	674	43	4013	3	1	75	0	0	0	0	0	0	0	0	0	0	0	0	0	0	
67.871517	8	3	3	0	1	2	2	3925	674	43	4073	3	1	75	0	0	0	0	0	0	0	0	0	0	0	0	0	0	
68.876633	8	3	3	0	1	2	2	3931	673	43	4133	3	1	75	0	0	0	0	0	0	0	0	0	0	0	0	0	0	
69.863033	8	3	3	0	1	2	2	3936	675	43	4193	3	1	75	0	0	0	0	0	0	0	0	0	0	0	0	0	0	
70.868167	8	3	3	0	1	2	2	3941	675	43	4253	3	1	75	0	0	0	0	0	0	0	0	0	0	0	0	0	0	
71.873283	8	3	3	0	1	2	2	3946	674	43	4313	3	1	75	0	0	0	0	0	0	0	0	0	0	0	0	0	0	
72.879833	8	3	3	0	1	2	2	3950	676	43	4374	3	1	75	0	0	0	0	0	0	0	0	0	0	0	0	0	0	
73.866233	8	3	3	0	1	2	2	3954	675	42	4433	3	1	75	0	0	0	0	0	0	0	0	0	0	0	0	0	0	
74.871367	8	3	3	0	1	2	2	3958	675	43	4493	3	1	75	0	0	0	0	0	0	0	0	0	0	0	0	0	0	
75.876483	8	3	3	0	1	2	2	3961	675	43	4553	3	1	75	0	0	0	0	0	0	0	0	0	0	0	0	0	0	
76.881600	8	3	3	0	1	2	2	3964	674	43	4614	3	1	75	0	0	0	0	0	0	0	0	0	0	0	0	0	0	
77.868000	8	3	3	0	1	2	2	3968	675	42	4673	3	1	75	0	0	0	0	0	0	0	0	0	0	0	0	0	0	
78.874567	8	3	3	0	1	2	2	3970	674	42	4733	3	1	75	0	0	0	0	0	0	0	0	0	0	0	0	0	0	
79.879683	8	3	3	0	1	2	2	3974	675	42	4794	3	1	75	0	0	0	0	0	0	0	0	0	0	0	0	0	0	
80.866083	8	3	3	0	1	2	2	3977	675	42	4853	3	1	75	0	0	0	0	0	0	0	0	0	0	0	0	0	0	
81.871200	8	3	3	0	1	2	2	3979	674	42	4913	3	1	75	0	0	0	0	0	0	0	0	0	0	0	0	0	0	
82.876317	8	3	3	0	1	2	2	3982	674	42	4973	3	1	75	0	0	0	0	0	0	0	0	0	0	0	0	0	0	
83.882883	8	3	3	0	1	2	2	3985	675	42	5034	3	1	75	0	0	0	0	0	0	0	0	0	0	0	0	0	0	
84.869283	8	3	3	0	1	2	2	3988	674	42	5093	3	1	75	0	0	0	0	0	0	0	0	0	0	0	0	0	0	
85.874400	8	3	3	0	1	2	2	3991	674	42	5153	3	1	75	0	0	0	0	0	0	0	0	0	0	0	0	0	0	
86.879517	8	3	3	0	1	2	2	3994	674	42	5214	3	1	75	0	0	0	0	0	0	0	0	0	0	0	0	0	0	
87.865917	8	3	3	0	1	2	2	3998	676	42	5273	3	1	75	0	0	0	0	0	0	0	0	0	0	0	0	0	0	
88.871033	8	3	3	0	1	2	2	4001	675	42	5333	3	1	75	0	0	0	0	0	0	0	0	0	0	0	0	0	0	
89.877600	8	3	3	0	1	2	2	4004	675	42	5393	3	1	75	0	0	0	0	0	0	0	0	0	0	0	0	0	0	
90.882717	8	3	3	0	1	2	2	4007	673	42	5454	3	1	75	0	0	0	0	0	0	0	0	0	0	0	0	0	0	
91.869117	8	3	3	0	1	2	2	4011	674	42	5513	3	1	75	0	0	0	0	0	0	0	0	0	0	0	0	0	0	
92.874233	8	3	3	0	1	2	2	4014	674	42	5573	3	1	75	0	0	0	0	0	0	0	0	0	0	0	0	0	0	
93.879367	8	3	3	0	1	2	2	4018	674	42	5634	3	1	75	0	0	0	0	0	0	0	0	0	0	0	0	0	0	
94.865767	8	3	3	0	1	2	2	4022	674	42	5693	3	1	75	0	0	0	0	0	0	0	0	0	0	0	0	0	0	
95.872317	8	3	3	0	1	2	2	4025	675	42	5753	3	1	75	0	0	0	0	0	0	0	0	0	0	0	0	0	0	
96.877433	8	3	3	0	1	2	2	4029	675	42	5813	3	1	75	0	0	0	0	0	0	0	0	0	0	0	0	0	0	
97.882567	8	3	3	0	1	2	2	4033	675	42	5874	3	1	75	0	0	0	0	0	0	0	0	0	0	0	0	0	0	
98.868967	8	3	3	0	1	2	2	4037	675	42	5933	3	1	75	0	0	0	0	0	0	0	0	0	0	0	0	0	0	
99.874083	8	3	3	0	1	2	2	4041	675	42	5993	3	1	75	0	0	0	0	0	0	0	0	0	0	0	0	0	0	
100.880633	8	3	3	0	1	2	2	4045	674	42	6053	3	1	75	0	0	0	0	0	0	0	0	0	0	0	0	0	0	
101.867033	8	3	3	0	1	2	2	4049	675	42	6113	3	1	75	0	0	0	0	0	0	0	0	0	0	0	0	0	0	
102.872167	8	3	3	0	1	2	2	4053	674	42	6173	3	1	75	0	0	0	0	0	0	0	0	0	0	0	0	0	0	
103.877283	8	3	3	0	1	2	2	4057	675	42	6233	3	1	75	0	0	0	0	0	0	0	0	0	0	0	0	0	0	
104.882400	8	3	3	0	1	2	2	4062	675	42	6294	3	1	75	0	0	0	0	0	0	0	0	0	0	0	0	0	0	
105.870233	8	3	3	0	1	2	2	4066	674	42	6353	3	1	75	0	0	0	0	0	0	0	0	0	0	0	0	0	0	
106.875367	8	3	3	0	1	2	2	4070	674	42	6413	3	1	75	0	0	0	0	0	0	0	0	0	0	0	0	0	0	
107.880483	8	3	3	0	1	2	2	4076	675	42	6473	3	1	75	0	0	0	0	0	0	0	0	0	0	0	0	0	0	
108.866883	8	3	3	0	1	2	2	4080	674	42	6533	3	1	75	0	0	0	0	0	0	0	0	0	0	0	0	0	0	
109.872000	8	3	3	0	1	2	2	4085	675	42	6593	3	1	75	0	0	0	0	0	0	0	0	0	0	0	0	0	0	
110.878567	8	3	3	0	1	2	2	4090	675	42	6653	3	1	75	0	0	0	0	0	0	0	0	0	0	0	0	0	0	
111.883683	8	3	3	0	1	2	2	4095	674	42	6714	3	1	75	0	0	0	0	0	0	0	0	0	0	0	0	0	0	
112.870083	8	3	3	0	1	2	2	4100	675	42	6773	3	1	75	0	0	0	0	0	0	0	0	0	0	0	0	0	0	
113.875200	8	3	3	0	1	2	2	4105	674	42	6833	3	1	75	0	0	0	0	0	0	0	0	0	0	0	0	0	0	
114.880317	8	3	3	0	1	2	2	4110	675	42	6893	3	1	75	0	0	0	0	0	0	0	0	0	0	0	0	0	0	
115.866717	8	3	3	0	1	2	2	4116	675	42	6953	3	1	75	0	0	0	0	0	0	0	0	0	0	0	0	0	0	
116.873283	8	3	3	0	1	2	2	4119	668	42	7013	3	1	75	0	0	0	0	0	0	0	0	0	0	0	0	0	0	
117.878400	8	3	3	0	1	2	2	4123	665	42	7073	3	1	75	0	0	0	0	0	0	0	0	0	0	0	0	0	0	
118.883517	8	3	3	0	1	2	2	4129	664	42	7134	3	1	75	0	0	0	0	0	0	0	0	0	0	0	0	0	0	
119.869917	8	3	3	0	1	2	2	4134	663	42	7193	3	1	75	0	0	0	0	0	0	0	0	0	0	0	0	0	0	
120.875033	8	3	3	0	1	2	2	4139	661	42	7253	3	1	75	0	0	0	0	0	0	0	0	0	0	0	0	0	0	
121.881600	8	3	3	0	1	2	2	4145	662	42	7313	3	1	75	0	0	0	0	0	0	0	0	0	0	0	0	0	0	
122.868000	8	3	3	0	1	2	2	4150	661	42	7373	3	1	75	0	0	0	0	0	0	0	0	0	0	0	0	0	0	
123.873117	8	3	3	0	1	2	2	4156	659	42	7433	3	1	75	0	0	0	0	0	0	0	0	0	0	0	0	0	0	
124.878233	8	3	3	0	1	2	2	4162	659	42	7493	3	1	75	0	0	0	0	0	0	0	0	0	0	0	0	0	0	
125.883367	8	3	3	0	1	2	2	4167	658	42	7554	3	1	75	0	0	0	0	0	0	0	0	0	0	0	0	0	0	
126.869767	8	3	3	0	1	2	2	4173	656	42	7613	3	1	75	0	0	0	0	0	0	0	0	0	0	0	0	0	0	
127.876317	8	3	3	0	1	2	2	4179	656	42	7673	3	1	75	0	0	0	0	0	0	0	0	0	0	0	0	0	0	
128.881433	8	3	3	0	1	2	2	4186	657	42	7733	3	1	75	0	0	0	0	0	0	0	0	0	0	0	0	0	0	
129.867833	8	3	3	0	1	2	2	4192	655	42	7793	3	1	75	0	0	0	0	0	0	0	0	0	0	0	0	0	0	
130.872967	8	3	3	0	1	2	2	4198	655	42	7853	3	1	75	0	0	0	0	0	0	0	0	0	0	0	0	0	0	
131.878083	8	3	3	0	1	2	2	4199	631	42	7913	3	1	75	0	0	0	0	0	0	0	0	0	0	0	0	0	0	
132.883200	8	3	3	0	1	2	2	4198	607	42	7974	3	1	75	0	0	0	0	0	0	0	0	0	0	0	0	0	0	
133.871033	8	3	3	0	1	2	2	4199	585	42	8033	3	1	75	0	0	0	0	0	0	0	0	0	0	0	0	0	0	
134.876167	8	3	3	0	1	2	2	4198	562	42	8093	3	1	75	0	0	0	0	0	0	0	0	0	0	0	0	0	0	
135.881283	8	3	3	0	1	2	2	4198	542	42	8153	3	1	75	0	0	0	0	0	0	0	0	0	0	0	0	0	0	
136.867683	8	3	3	0	1	2	2	4198	522	42	8213	3	1	75	0	0	0	0	0	0	0	0	0	0	0	0	0	0	
137.872800	8	3	3	0	1	2	2	4198	502	42	8273	3	1	75	0	0	0	0	0	0	0	0	0	0	0	0	0	0	
138.879367	8	3	3	0	1	2	2	4198	482	42	8333	3	1	75	0	0	0	0	0	0	0	0	0	0	0	0	0	0	
139.884483	8	3	3	0	1	2	2	4198	464	42	8394	3	1	75	0	0	0	0	0	0	0	0	0	0	0	0	0	0	
140.870883	8	3	3	0	1	2	2	4198	447	42	8453	3	1	75	0	0	0	0	0	0	0	0	0	0	0	0	0	0	
141.876000	8	3	3	0	1	2	2	4198	430	42	8513	3	1	75	0	0	0	0	0	0	0	0	0	0	0	0	0	0	
142.881117	8	3	3	0	1	2	2	4199	414	42	8573	3	1	75	0	0	0	0	0	0	0	0	0	0	0	0	0	0	
143.887683	8	3	3	0	1	2	2	4198	398	42	8634	3	1	75	0	0	0	0	0	0	0	0	0	0	0	0	0	0	
144.874083	8	3	3	0	1	2	2	4198	384	42	8693	3	1	75	0	0	0	0	0	0	0	0	0	0	0	0	0	0	
145.879200	8	3	3	0	1	2	2	4198	368	42	8753	3	1	75	0	0	0	0	0	0	0	0	0	0	0	0	0	0	
146.884317	8	3	3	0	1	2	2	4198	354	42	8814	3	1	75	0	0	0	0	0	0	0	0	0	0	0	0	0	0	
147.870717	8	3	3	0	1	2	2	4198	340	42	8873	3	1	75	0	0	0	0	0	0	0	0	0	0	0	0	0	0	
148.877283	8	3	3	0	1	2	2	4198	327	42	8933	3	1	75	0	0	0	0	0	0	0	0	0	0	0	0	0	0	
149.882400	8	3	3	0	1	2	2	4199	316	42	8993	3	1	75	0	0	0	0	0	0	0	0	0	0	0	0	0	0	
150.887517	8	3	3	0	1	2	2	4199	303	42	9054	3	1	75	0	0	0	0	0	0	0	0	0	0	0	0	0	0	
151.873917	8	3	3	0	1	2	2	4198	292	42	9113	3	1	75	0	0	0	0	0	0	0	0	0	0	0	0	0	0	
152.879033	8	3	3	0	1	2	2	4198	281	42	9173	3	1	75	0	0	0	0	0	0	0	0	0	0	0	0	0	0	
153.884167	8	3	3	0	1	2	2	4198	270	42	9234	3	1	75	0	0	0	0	0	0	0	0	0	0	0	0	0	0	
154.872000	8	3	3	0	1	2	2	4198	260	42	9293	3	1	75	0	0	0	0	0	0	0	0	0	0	0	0	0	0	
155.877117	8	3	3	0	1	2	2	4199	250	42	9353	3	1	75	0	0	0	0	0	0	0	0	0	0	0	0	0	0	
156.882233	8	3	3	0	1	2	2	4199	240	42	9413	3	1	75	0	0	0	0	0	0	0	0	0	0	0	0	0	0	
157.887367	8	3	3	0	1	2	2	4198	232	42	9474	3	1	75	0	0	0	0	0	0	0	0	0	0	0	0	0	0	
158.873767	8	3	3	0	1	2	2	4198	223	42	9533	3	1	75	0	0	0	0	0	0	0	0	0	0	0	0	0	0	
159.878883	8	3	3	0	1	2	2	4199	214	42	9593	3	1	75	0	0	0	0	0	0	0	0	0	0	0	0	0	0	
160.885433	8	3	3	0	1	2	2	4199	207	42	9654	3	1	75	0	0	0	0	0	0	0	0	0	0	0	0	0	0	
161.871833	8	3	3	0	1	2	2	4199	199	42	9713	3	1	75	0	0	0	0	0	0	0	0	0	0	0	0	0	0	
162.876967	8	3	3	0	1	2	2	4198	191	42	9773	3	1	75	0	0	0	0	0	0	0	0	0	0	0	0	0	0	
163.882083	8	3	3	0	1	2	2	4198	183	42	9833	3	1	75	0	0	0	0	0	0	0	0	0	0	0	0	0	0	
164.887200	8	3	3	0	1	2	2	4199	177	42	9894	3	1	75	0	0	0	0	0	0	0	0	0	0	0	0	0	0	
165.873600	8	3	3	0	1	2	2	4199	170	42	9953	3	1	75	0	0	0	0	0	0	0	0	0	0	0	0	0	0	
166.880167	8	3	3	0	1	2	2	4199	163	42	10013	3	1	75	0	0	0	0	0	0	0	0	0	0	0	0	0	0	
167.885283	8	3	3	0	1	2	2	4199	158	42	10073	3	1	75	0	0	0	0	0	0	0	0	0	0	0	0	0	0	
168.871683	8	3	3	0	1	2	2	4199	152	42	10133	3	1	75	0	0	0	0	0	0	0	0	0	0	0	0	0	0	
169.876800	8	3	3	0	1	2	2	4198	146	42	10193	3	1	75	0	0	0	0	0	0	0	0	0	0	0	0	0	0	
170.881917	8	3	3	0	1	2	2	4198	141	42	10253	3	1	75	0	0	0	0	0	0	0	0	0	0	0	0	0	0	
171.888483	8	3	3	0	1	2	2	4199	135	42	10314	3	1	75	0	0	0	0	0	0	0	0	0	0	0	0	0	0	
172.874883	8	3	3	0	1	2	2	4199	131	42	10373	3	1	75	0	0	0	0	0	0	0	0	0	0	0	0	0	0	
173.880000	8	3	3	0	1	2	2	4199	126	42	10433	3	1	75	0	0	0	0	0	0	0	0	0	0	0	0	0	0	
174.885117	8	3	3	0	1	2	2	4198	120	42	10493	3	1	75	0	0	0	0	0	0	0	0	0	0	0	0	0	0	
175.871517	8	3	3	0	1	2	2	4199	116	42	10553	3	1	75	0	0	0	0	0	0	0	0	0	0	0	0	0	0	
176.878083	8	3	3	0	1	2	2	4199	112	42	10613	3	1	75	0	0	0	0	0	0	0	0	0	0	0	0	0	0	
177.883200	8	3	3	0	1	2	2	4199	108	42	10673	3	1	75	0	0	0	0	0	0	0	0	0	0	0	0	0	0	
178.888317	8	3	3	0	1	2	2	4199	105	42	10734	3	1	75	0	0	0	0	0	0	0	0	0	0	0	0	0	0	
179.874717	8	3	3	0	1	2	2	4198	100	42	10793	3	1	75	0	0	0	0	0	0	0	0	0	0	0	0	0	0	
180.879833	8	3	3	0	1	2	2	4199	96	42	10853	3	1	75	0	0	0	0	0	0	0	0	0	0	0	0	0	0	
181.886400	8	3	3	0	1	2	2	4198	92	42	10913	3	1	75	0	0	0	0	0	0	0	0	0	0	0	0	0	0	
182.872800	8	3	3	0	1	2	2	4199	90	42	10973	3	1	75	0	0	0	0	0	0	0	0	0	0	0	0	0	0	
183.877917	8	3	3	0	1	2	2	4198	86	42	11033	3	1	75	0	0	0	0	0	0	0	0	0	0	0	0	0	0	
184.883033	8	3	3	0	1	2	2	4198	82	42	11093	3	1	75	0	0	0	0	0	0	0	0	0	0	0	0	0	0	
185.888167	8	3	3	0	1	2	2	4198	79	42	11154	3	1	75	0	0	0	0	0	0	0	0	0	0	0	0	0	0	
186.874567	8	3	3	0	1	2	2	4198	78	42	11213	3	1	75	0	0	0	0	0	0	0	0	0	0	0	0	0	0	
187.881117	8	3	3	0	1	2	2	4198	74	42	11273	3	1	75	0	0	0	0	0	0	0	0	0	0	0	0	0	0	
188.886233	8	3	3	0	1	2	2	4198	71	42	11333	3	1	75	0	0	0	0	0	0	0	0	0	0	0	0	0	0	
189.872633	8	3	3	0	1	2	2	4198	68	42	11393	3	1	75	0	0	0	0	0	0	0	0	0	0	0	0	0	0	
190.689117	8	6	3	0	2	7	1	3922	-1072	42	11442	3	2	0	0	0	0	0	0	0	0	0	0	0	0	0	0	0	
190.879200	8	6	3	0	2	7	1	3830	-1349	42	11453	3	2	0	0	0	0	0	0	0	0	0	0	0	0	0	0	0	
191.884317	8	6	3	0	2	7	1	3792	-1350	42	11513	3	2	1	0	0	0	0	0	0	0	0	0	0	0	0	0	0	
192.890883	8	6	3	0	2	7	1	3770	-1350	42	11574	3	2	3	0	0	0	0	0	0	0	0	0	0	0	0	0	0	
193.877283	8	6	3	0	2	7	1	3750	-1349	42	11633	3	2	5	0	0	0	0	0	0	0	0	0	0	0	0	0	0	
194.882400	8	6	3	0	2	7	1	3732	-1350	42	11693	3	2	6	0	0	0	0	0	0	0	0	0	0	0	0	0	0	
195.887517	8	6	3	0	2	7	1	3714	-1349	42	11754	3	2	8	0	0	0	0	0	0	0	0	0	0	0	0	0	0	
196.873917	8	6	3	0	2	7	1	3698	-1350	42	11813	3	2	10	0	0	0	0	0	0	0	0	0	0	0	0	0	0	
197.879033	8	6	3	0	2	7	1	3682	-1350	42	11873	3	2	11	0	0	0	0	0	0	0	0	0	0	0	0	0	0	
198.885600	8	6	3	0	2	7	1	3666	-1349	42	11933	3	2	13	0	0	0	0	0	0	0	0	0	0	0	0	0	0	
199.890717	8	6	3	0	2	7	1	3650	-1349	42	11994	3	2	15	0	0	0	0	0	0	0	0	0	0	0	0	0	0	
200.877117	8	6	3	0	2	7	1	3635	-1349	42	12053	3	2	16	0	0	0	0	0	0	0	0	0	0	0	0	0	0	
201.882233	8	6	3	0	2	7	1	3621	-1351	42	12113	3	2	18	0	0	0	0	0	0	0	0	0	0	0	0	0	0	
202.887367	8	6	3	0	2	7	1	3610	-1349	42	12173	3	2	20	0	0	0	0	0	0	0	0	0	0	0	0	0	0	
203.875200	8	6	3	0	2	7	1	3595	-1351	42	12233	3	2	21	0	0	0	0	0	0	0	0	0	0	0	0	0	0	
204.880317	8	6	3	0	2	7	1	3583	-1348	42	12293	3	2	23	0	0	0	0	0	0	0	0	0	0	0	0	0	0	
205.885433	8	6	3	0	2	7	1	3569	-1350	42	12353	3	2	25	0	0	0	0	0	0	0	0	0	0	0	0	0	0	
206.890567	8	6	3	0	2	7	1	3556	-1350	42	12414	3	2	26	0	0	0	0	0	0	0	0	0	0	0	0	0	0	
207.876967	8	6	3	0	2	7	1	3544	-1350	42	12473	3	2	28	0	0	0	0	0	0	0	0	0	0	0	0	0	0	
208.883517	8	6	3	0	2	7	1	3532	-1350	42	12533	3	2	30	0	0	0	0	0	0	0	0	0	0	0	0	0	0	
209.888633	8	6	3	0	2	7	1	3520	-1350	42	12593	3	2	31	0	0	0	0	0	0	0	0	0	0	0	0	0	0	
210.875033	8	6	3	0	2	7	1	3509	-1349	42	12653	3	2	33	0	0	0	0	0	0	0	0	0	0	0	0	0	0	
211.880167	8	6	3	0	2	7	1	3498	-1349	42	12713	3	2	35	0	0	0	0	0	0	0	0	0	0	0	0	0	0	
212.885283	8	6	3	0	2	7	1	3487	-1350	42	12773	3	2	36	0	0	0	0	0	0	0	0	0	0	0	0	0	0	
213.890400	8	6	3	0	2	7	1	3477	-1351	42	12834	3	2	38	0	0	0	0	0	0	0	0	0	0	0	0	0	0	
214.878233	8	6	3	0	2	7	1	3468	-1350	42	12893	3	2	40	0	0	0	0	0	0	0	0	0	0	0	0	0	0	
215.883367	8	6	3	0	2	7	1	3458	-1350	42	12953	3	2	41	0	0	0	0	0	0	0	0	0	0	0	0	0	0	
216.888483	8	6	3	0	2	7	1	3449	-1350	42	13013	3	2	43	0	0	0	0	0	0	0	0	0	0	0	0	0	0	
217.874883	8	6	3	0	2	7	1	3440	-1350	42	13073	3	2	45	0	0	0	0	0	0	0	0	0	0	0	0	0	0	
218.880000	8	6	3	0	2	7	1	3432	-1349	42	13133	3	2	46	0	0	0	0	0	0	0	0	0	0	0	0	0	0	
219.885117	8	6	3	0	2	7	1	3423	-1349	42	13193	3	2	48	0	0	0	0	0	0	0	0	0	0	0	0	0	0	
220.891683	8	6	3	0	2	7	1	3415	-1350	42	13254	3	2	50	0	0	0	0	0	0	0	0	0	0	0	0	0	0	
221.878083	8	6	3	0	2	7	1	3409	-1349	42	13313	3	2	51	0	0	0	0	0	0	0	0	0	0	0	0	0	0	
222.883200	8	6	3	0	2	7	1	3401	-1350	42	13373	3	2	53	0	0	0	0	0	0	0	0	0	0	0	0	0	0	
223.888317	8	6	3	0	2	7	1	3395	-1350	42	13433	3	2	55	0	0	0	0	0	0	0	0	0	0	0	0	0	0	
224.874717	8	6	3	0	2	7	1	3387	-1349	42	13493	3	2	56	0	0	0	0	0	0	0	0	0	0	0	0	0	0	
225.879833	8	6	3	0	2	7	1	3380	-1348	42	13553	3	2	58	0	0	0	0	0	0	0	0	0	0	0	0	0	0	
226.886400	8	6	3	0	2	7	1	3373	-1350	42	13613	3	2	59	0	0	0	0	0	0	0	0	0	0	0	0	0	0	
227.891517	8	6	3	0	2	7	1	3367	-1348	42	13674	3	2	61	0	0	0	0	0	0	0	0	0	0	0	0	0	0	
228.877917	8	6	3	0	2	7	1	3360	-1348	42	13733	3	2	63	0	0	0	0	0	0	0	0	0	0	0	0	0	0	
229.883033	8	6	3	0	2	7	1	3353	-1349	42	13793	3	2	64	0	0	0	0	0	0	0	0	0	0	0	0	0	0	
230.888167	8	6	3	0	2	7	1	3346	-1350	42	13853	3	2	66	0	0	0	0	0	0	0	0	0	0	0	0	0	0	
231.876000	8	6	3	0	2	7	1	3340	-1350	42	13913	3	2	68	0	0	0	0	0	0	0	0	0	0	0	0	0	0	
232.881117	8	6	3	0	2	7	1	3332	-1350	42	13973	3	2	69	0	0	0	0	0	0	0	0	0	0	0	0	0	0	
233.886233	8	6	3	0	2	7	1	3324	-1349	42	14033	3	2	71	0	0	0	0	0	0	0	0	0	0	0	0	0	0	
234.891367	8	6	3	0	2	7	1	3315	-1349	42	14094	3	2	73	0	0	0	0	0	0	0	0	0	0	0	0	0	0	
235.877767	8	6	3	0	2	7	1	3304	-1349	42	14153	3	2	74	0	0	0	0	0	0	0	0	0	0	0	0	0	0	
236.884317	8	6	3	0	2	7	1	3292	-1349	42	14213	3	2	76	0	0	0	0	0	0	0	0	0	0	0	0	0	0	
237.889433	8	6	3	0	2	7	1	3277	-1350	42	14273	3	2	78	0	0	0	0	0	0	0	0	0	0	0	0	0	0	
238.894567	8	6	3	0	2	7	1	3259	-1349	42	14334	3	2	79	0	0	0	0	0	0	0	0	0	0	0	0	0	0	
239.880967	8	6	3	0	2	7	1	3238	-1350	42	14393	3	2	81	0	0	0	0	0	0	0	0	0	0	0	0	0	0	
240.886083	8	6	3	0	2	7	1	3211	-1349	42	14453	3	2	83	0	0	0	0	0	0	0	0	0	0	0	0	0	0	
241.892633	8	6	3	0	2	7	1	3169	-1351	42	14514	3	2	84	0	0	0	0	0	0	0	0	0	0	0	0	0	0	
242.879033	8	6	3	0	2	7	1	3092	-1350	42	14573	3	2	86	0	0	0	0	0	0	0	0	0	0	0	0	0	0	
243.884167	8	6	3	0	2	7	1	2934	-1349	42	14633	3	2	88	0	0	0	0	0	0	0	0	0	0	0	0	0	0	
244.569600	8	15	3	0	1	31	2	3124	472	42	14674	5	2	89	0	0	0	0	0	0	0	0	0	0	0	0	0	0	
244.589767	8	3	3	0	1	2	2	3208	676	42	14675	5	2	89	0	0	0	0	0	0	0	0	0	0	0	0	0	0	
244.892167	8	3	3	0	1	2	2	3380	675	42	14694	5	2	89	0	0	0	0	0	0	0	0	0	0	0	0	0	0	
245.878567	8	3	3	0	1	2	2	3565	675	42	14753	5	2	89	0	0	0	0	0	0	0	0	0	0	0	0	0	0	
246.885117	8	3	3	0	1	2	2	3661	675	42	14813	5	2	89	0	0	0	0	0	0	0	0	0	0	0	0	0	0	
247.890233	8	3	3	0	1	2	2	3727	676	42	14873	5	2	89	0	0	0	0	0	0	0	0	0	0	0	0	0	0	
248.895367	8	3	3	0	1	2	2	3776	674	42	14934	5	2	89	0	0	0	0	0	0	0	0	0	0	0	0	0	0	
249.881767	8	3	3	0	1	2	2	3813	675	42	14993	5	2	89	0	0	0	0	0	0	0	0	0	0	0	0	0	0	
250.886883	8	3	3	0	1	2	2	3840	674	42	15053	5	2	89	0	0	0	0	0	0	0	0	0	0	0	0	0	0	
251.893433	8	3	3	0	1	2	2	3853	674	42	15114	5	2	89	0	0	0	0	0	0	0	0	0	0	0	0	0	0	
252.879833	8	3	3	0	1	2	2	3861	676	42	15173	5	2	89	0	0	0	0	0	0	0	0	0	0	0	0	0	0	
253.884967	8	3	3	0	1	2	2	3865	674	42	15233	5	2	89	0	0	0	0	0	0	0	0	0	0	0	0	0	0	
254.890083	8	3	3	0	1	2	2	3870	675	42	15293	5	2	89	0	0	0	0	0	0	0	0	0	0	0	0	0	0	
255.895200	8	3	3	0	1	2	2	3875	675	42	15354	5	2	89	0	0	0	0	0	0	0	0	0	0	0	0	0	0	
256.881600	8	3	3	0	1	2	2	3880	674	42	15413	5	2	89	0	0	0	0	0	0	0	0	0	0	0	0	0	0	
257.888167	8	3	3	0	1	2	2	3884	674	42	15473	5	2	89	0	0	0	0	0	0	0	0	0	0	0	0	0	0	
258.893283	8	3	3	0	1	2	2	3889	674	42	15534	5	2	89	0	0	0	0	0	0	0	0	0	0	0	0	0	0	
259.879683	8	3	3	0	1	2	2	3894	675	42	15593	5	2	89	0	0	0	0	0	0	0	0	0	0	0	0	0	0	
260.884800	8	3	3	0	1	2	2	3899	675	42	15653	5	2	89	0	0	0	0	0	0	0	0	0	0	0	0	0	0	
261.889917	8	3	3	0	1	2	2	3905	675	42	15713	5	2	89	0	0	0	0	0	0	0	0	0	0	0	0	0	0	
262.896483	8	3	3	0	1	2	2	3911	676	42	15774	5	2	89	0	0	0	0	0	0	0	0	0	0	0	0	0	0	
263.882883	8	3	3	0	1	2	2	3917	675	42	15833	5	2	89	0	0	0	0	0	0	0	0	0	0	0	0	0	0	
264.888000	8	3	3	0	1	2	2	3922	674	42	15893	5	2	89	0	0	0	0	0	0	0	0	0	0	0	0	0	0	
265.893117	8	3	3	0	1	2	2	3928	674	42	15954	5	2	89	0	0	0	0	0	0	0	0	0	0	0	0	0	0	
266.879517	8	3	3	0	1	2	2	3934	675	42	16013	5	2	89	0	0	0	0	0	0	0	0	0	0	0	0	0	0	
267.886083	8	3	3	0	1	2	2	3939	675	42	16073	5	2	89	0	0	0	0	0	0	0	0	0	0	0	0	0	0	
268.891200	8	3	3	0	1	2	2	3945	675	42	16133	5	2	89	0	0	0	0	0	0	0	0	0	0	0	0	0	0	
269.896317	8	3	3	0	1	2	2	3949	674	42	16194	5	2	89	0	0	0	0	0	0	0	0	0	0	0	0	0	0	
270.882717	8	3	3	0	1	2	2	3954	675	42	16253	5	2	89	0	0	0	0	0	0	0	0	0	0	0	0	0	0	
271.887833	8	3	3	0	1	2	2	3957	675	42	16313	5	2	89	0	0	0	0	0	0	0	0	0	0	0	0	0	0	
272.894400	8	3	3	0	1	2	2	3961	675	42	16374	5	2	89	0	0	0	0	0	0	0	0	0	0	0	0	0	0	
273.880800	8	3	3	0	1	2	2	3965	675	42	16433	5	2	89	0	0	0	0	0	0	0	0	0	0	0	0	0	0	
274.885917	8	3	3	0	1	2	2	3968	675	42	16493	5	2	89	0	0	0	0	0	0	0	0	0	0	0	0	0	0	
275.891033	8	3	3	0	1	2	2	3971	675	42	16553	5	2	89	0	0	0	0	0	0	0	0	0	0	0	0	0	0	
276.896167	8	3	3	0	1	2	2	3974	673	42	16614	5	2	89	0	0	0	0	0	0	0	0	0	0	0	0	0	0	
277.884000	8	3	3	0	1	2	2	3977	674	42	16673	5	2	89	0	0	0	0	0	0	0	0	0	0	0	0	0	0	
278.889117	8	3	3	0	1	2	2	3980	675	42	16733	5	2	89	0	0	0	0	0	0	0	0	0	0	0	0	0	0	
279.894233	8	3	3	0	1	2	2	3983	675	42	16793	5	2	89	0	0	0	0	0	0	0	0	0	0	0	0	0	0	
280.880633	8	3	3	0	1	2	2	3986	675	42	16853	5	2	89	0	0	0	0	0	0	0	0	0	0	0	0	0	0	
281.885767	8	3	3	0	1	2	2	3989	675	42	16913	5	2	89	0	0	0	0	0	0	0	0	0	0	0	0	0	0	
282.890883	8	3	3	0	1	2	2	3992	675	42	16973	5	2	89	0	0	0	0	0	0	0	0	0	0	0	0	0	0	
283.897433	8	3	3	0	1	2	2	3995	674	42	17034	5	2	89	0	0	0	0	0	0	0	0	0	0	0	0	0	0	
284.883833	8	3	3	0	1	2	2	3998	673	42	17093	5	2	89	0	0	0	0	0	0	0	0	0	0	0	0	0	0	
285.888967	8	3	3	0	1	2	2	4001	674	42	17153	5	2	89	0	0	0	0	0	0	0	0	0	0	0	0	0	0	
286.894083	8	3	3	0	1	2	2	4004	674	42	17213	5	2	89	0	0	0	0	0	0	0	0	0	0	0	0	0	0	
287.880483	8	3	3	0	1	2	2	4008	675	42	17273	5	2	89	0	0	0	0	0	0	0	0	0	0	0	0	0	0	
288.885600	8	3	3	0	1	2	2	4011	674	42	17333	5	2	89	0	0	0	0	0	0	0	0	0	0	0	0	0	0	
289.892167	8	3	3	0	1	2	2	4015	675	42	17393	5	2	89	0	0	0	0	0	0	0	0	0	0	0	0	0	0	
290.897283	8	3	3	0	1	2	2	4018	676	42	17454	5	2	89	0	0	0	0	0	0	0	0	0	0	0	0	0	0	
291.883683	8	3	3	0	1	2	2	4021	674	42	17513	5	2	89	0	0	0	0	0	0	0	0	0	0	0	0	0	0	
292.888800	8	3	3	0	1	2	2	4025	675	42	17573	5	2	89	0	0	0	0	0	0	0	0	0	0	0	0	0	0	
293.893917	8	3	3	0	1	2	2	4029	674	42	17633	5	2	89	0	0	0	0	0	0	0	0	0	0	0	0	0	0	
294.880317	8	3	3	0	1	2	2	4033	675	42	17693	5	2	89	0	0	0	0	0	0	0	0	0	0	0	0	0	0	
295.886883	8	3	3	0	1	2	2	4036	675	42	17753	5	2	89	0	0	0	0	0	0	0	0	0	0	0	0	0	0	
296.892000	8	3	3	0	1	2	2	4040	675	42	17813	5	2	89	0	0	0	0	0	0	0	0	0	0	0	0	0	0	
297.897117	8	3	3	0	1	2	2	4044	675	42	17874	5	2	89	0	0	0	0	0	0	0	0	0	0	0	0	0	0	
298.883517	8	3	3	0	1	2	2	4048	674	42	17933	5	2	89	0	0	0	0	0	0	0	0	0	0	0	0	0	0	
299.888633	8	3	3	0	1	2	2	4052	674	42	17993	5	2	89	0	0	0	0	0	0	0	0	0	0	0	0	0	0	
300.895200	8	3	3	0	1	2	2	4056	675	42	18053	5	2	89	0	0	0	0	0	0	0	0	0	0	0	0	0	0	
301.881600	8	3	3	0	1	2	2	4061	675	42	18113	5	2	89	0	0	0	0	0	0	0	0	0	0	0	0	0	0	
302.886717	8	3	3	0	1	2	2	4065	675	42	18173	5	2	89	0	0	0	0	0	0	0	0	0	0	0	0	0	0	
303.891833	8	3	3	0	1	2	2	4070	675	42	18233	5	2	89	0	0	0	0	0	0	0	0	0	0	0	0	0	0	
304.896967	8	3	3	0	1	2	2	4074	674	42	18294	5	2	89	0	0	0	0	0	0	0	0	0	0	0	0	0	0	
305.884800	8	3	3	0	1	2	2	4078	674	42	18353	5	2	89	0	0	0	0	0	0	0	0	0	0	0	0	0	0	
306.889917	8	3	3	0	1	2	2	4083	674	42	18413	5	2	89	0	0	0	0	0	0	0	0	0	0	0	0	0	0	
307.895033	8	3	3	0	1	2	2	4088	674	42	18473	5	2	89	0	0	0	0	0	0	0	0	0	0	0	0	0	0	
308.881433	8	3	3	0	1	2	2	4092	674	42	18533	5	2	89	0	0	0	0	0	0	0	0	0	0	0	0	0	0	
309.886567	8	3	3	0	1	2	2	4097	675	42	18593	5	2	89	0	0	0	0	0	0	0	0	0	0	0	0	0	0	
310.893117	8	3	3	0	1	2	2	4102	674	42	18653	5	2	89	0	0	0	0	0	0	0	0	0	0	0	0	0	0	
311.898233	8	3	3	0	1	2	2	4107	675	42	18714	5	2	89	0	0	0	0	0	0	0	0	0	0	0	0	0	0	
312.884633	8	3	3	0	1	2	2	4112	674	42	18773	5	2	89	0	0	0	0	0	0	0	0	0	0	0	0	0	0	
313.889767	8	3	3	0	1	2	2	4118	674	42	18833	5	2	89	0	0	0	0	0	0	0	0	0	0	0	0	0	0	
314.894883	8	3	3	0	1	2	2	4121	667	42	18893	5	2	89	0	0	0	0	0	0	0	0	0	0	0	0	0	0	
315.900000	8	3	3	0	1	2	2	4126	665	42	18954	5	2	89	0	0	0	0	0	0	0	0	0	0	0	0	0	0	
316.887833	8	3	3	0	1	2	2	4131	666	42	19013	5	2	89	0	0	0	0	0	0	0	0	0	0	0	0	0	0	
317.892967	8	3	3	0	1	2	2	4136	664	42	19073	5	2	89	0	0	0	0	0	0	0	0	0	0	0	0	0	0	
318.898083	8	3	3	0	1	2	2	4142	663	42	19134	5	2	89	0	0	0	0	0	0	0	0	0	0	0	0	0	0	
319.884483	8	3	3	0	1	2	2	4147	662	42	19193	5	2	89	0	0	0	0	0	0	0	0	0	0	0	0	0	0	
320.889600	8	3	3	0	1	2	2	4152	661	42	19253	5	2	89	0	0	0	0	0	0	0	0	0	0	0	0	0	0	
321.894717	8	3	3	0	1	2	2	4158	661	42	19313	5	2	89	0	0	0	0	0	0	0	0	0	0	0	0	0	0	
322.901283	8	3	3	0	1	2	2	4163	659	42	19374	5	2	89	0	0	0	0	0	0	0	0	0	0	0	0	0	0	
323.887683	8	3	3	0	1	2	2	4169	659	42	19433	5	2	89	0	0	0	0	0	0	0	0	0	0	0	0	0	0	
324.892800	8	3	3	0	1	2	2	4175	658	42	19493	5	2	89	0	0	0	0	0	0	0	0	0	0	0	0	0	0	
325.897917	8	3	3	0	1	2	2	4181	658	42	19554	5	2	89	0	0	0	0	0	0	0	0	0	0	0	0	0	0	
326.884317	8	3	3	0	1	2	2	4187	657	42	19613	5	2	89	0	0	0	0	0	0	0	0	0	0	0	0	0	0	
327.890883	8	3	3	0	1	2	2	4193	657	42	19673	5	2	89	0	0	0	0	0	0	0	0	0	0	0	0	0	0	
328.896000	8	3	3	0	1	2	2	4199	651	42	19733	5	2	89	0	0	0	0	0	0	0	0	0	0	0	0	0	0	
329.901117	8	3	3	0	1	2	2	4199	627	42	19794	5	2	89	0	0	0	0	0	0	0	0	0	0	0	0	0	0	
330.887517	8	3	3	0	1	2	2	4199	604	42	19853	5	2	89	0	0	0	0	0	0	0	0	0	0	0	0	0	0	
331.892633	8	3	3	0	1	2	2	4199	583	42	19913	5	2	89	0	0	0	0	0	0	0	0	0	0	0	0	0	0	
332.897767	8	3	3	0	1	2	2	4198	563	42	19974	5	2	89	0	0	0	0	0	0	0	0	0	0	0	0	0	0	
333.885600	8	3	3	0	1	2	2	4199	543	42	20033	5	2	89	0	0	0	0	0	0	0	0	0	0	0	0	0	0	
334.890717	8	3	3	0	1	2	2	4198	524	42	20093	5	2	89	0	0	0	0	0	0	0	0	0	0	0	0	0	0	
335.895833	8	3	3	0	1	2	2	4199	505	42	20153	5	2	89	0	0	0	0	0	0	0	0	0	0	0	0	0	0	
336.900967	8	3	3	0	1	2	2	4199	486	42	20214	5	2	89	0	0	0	0	0	0	0	0	0	0	0	0	0	0	
337.887367	8	3	3	0	1	2	2	4198	468	42	20273	5	2	89	0	0	0	0	0	0	0	0	0	0	0	0	0	0	
338.893917	8	3	3	0	1	2	2	4199	450	42	20333	5	2	89	0	0	0	0	0	0	0	0	0	0	0	0	0	0	
339.899033	8	3	3	0	1	2	2	4199	432	42	20393	5	2	89	0	0	0	0	0	0	0	0	0	0	0	0	0	0	
340.885433	8	3	3	0	1	2	2	4199	416	42	20453	5	2	89	0	0	0	0	0	0	0	0	0	0	0	0	0	0	
341.890567	8	3	3	0	1	2	2	4198	400	42	20513	5	2	89	0	0	0	0	0	0	0	0	0	0	0	0	0	0	
342.895683	8	3	3	0	1	2	2	4198	385	42	20573	5	2	89	0	0	0	0	0	0	0	0	0	0	0	0	0	0	
343.902233	8	3	3	0	1	2	2	4199	370	42	20634	5	2	89	0	0	0	0	0	0	0	0	0	0	0	0	0	0	
344.888633	8	3	3	0	1	2	2	4199	357	42	20693	5	2	89	0	0	0	0	0	0	0	0	0	0	0	0	0	0	
345.893767	8	3	3	0	1	2	2	4198	344	42	20753	5	2	89	0	0	0	0	0	0	0	0	0	0	0	0	0	0	
346.898883	8	3	3	0	1	2	2	4198	330	42	20813	5	2	89	0	0	0	0	0	0	0	0	0	0	0	0	0	0	
347.885283	8	3	3	0	1	2	2	4198	319	42	20873	5	2	89	0	0	0	0	0	0	0	0	0	0	0	0	0	0	
348.890400	8	3	3	0	1	2	2	4198	306	42	20933	5	2	89	0	0	0	0	0	0	0	0	0	0	0	0	0	0	
349.896967	8	3	3	0	1	2	2	4199	295	42	20993	5	2	89	0	0	0	0	0	0	0	0	0	0	0	0	0	0	
350.902083	8	3	3	0	1	2	2	4199	284	42	21054	5	2	89	0	0	0	0	0	0	0	0	0	0	0	0	0	0	
351.888483	8	3	3	0	1	2	2	4198	273	42	21113	5	2	89	0	0	0	0	0	0	0	0	0	0	0	0	0	0	
352.893600	8	3	3	0	1	2	2	4199	264	42	21173	5	2	89	0	0	0	0	0	0	0	0	0	0	0	0	0	0	
353.900167	8	3	3	0	1	2	2	4198	254	42	21233	5	2	89	0	0	0	0	0	0	0	0	0	0	0	0	0	0	
354.886567	8	3	3	0	1	2	2	4199	245	42	21293	5	2	89	0	0	0	0	0	0	0	0	0	0	0	0	0	0	
355.891683	8	3	3	0	1	2	2	4199	236	42	21353	5	2	89	0	0	0	0	0	0	0	0	0	0	0	0	0	0	
356.896800	8	3	3	0	1	2	2	4199	227	42	21413	5	2	89	0	0	0	0	0	0	0	0	0	0	0	0	0	0	
357.901917	8	3	3	0	1	2	2	4198	219	42	21474	5	2	89	0	0	0	0	0	0	0	0	0	0	0	0	0	0	
358.888317	8	3	3	0	1	2	2	4198	211	42	21533	5	2	89	0	0	0	0	0	0	0	0	0	0	0	0	0	0	
359.894883	8	3	3	0	1	2	2	4198	204	42	21593	5	2	89	0	0	0	0	0	0	0	0	0	0	0	0	0	0	
360.900000	8	3	3	0	1	2	2	4198	195	42	21653	5	2	89	0	0	0	0	0	0	0	0	0	0	0	0	0	0	
361.886400	8	3	3	0	1	2	2	4198	189	42	21713	5	2	89	0	0	0	0	0	0	0	0	0	0	0	0	0	0	
362.891517	8	3	3	0	1	2	2	4199	182	42	21773	5	2	89	0	0	0	0	0	0	0	0	0	0	0	0	0	0	
363.896633	8	3	3	0	1	2	2	4199	176	42	21833	5	2	89	0	0	0	0	0	0	0	0	0	0	0	0	0	0	
364.901767	8	3	3	0	1	2	2	4198	169	42	21894	5	2	89	0	0	0	0	0	0	0	0	0	0	0	0	0	0	
365.889600	8	3	3	0	1	2	2	4198	162	42	21953	5	2	89	0	0	0	0	0	0	0	0	0	0	0	0	0	0	
366.894717	8	3	3	0	1	2	2	4198	157	42	22013	5	2	89	0	0	0	0	0	0	0	0	0	0	0	0	0	0	
367.899833	8	3	3	0	1	2	2	4198	152	42	22073	5	2	89	0	0	0	0	0	0	0	0	0	0	0	0	0	0	
368.886233	8	3	3	0	1	2	2	4199	147	42	22133	5	2	89	0	0	0	0	0	0	0	0	0	0	0	0	0	0	
369.891367	8	3	3	0	1	2	2	4199	141	42	22193	5	2	89	0	0	0	0	0	0	0	0	0	0	0	0	0	0	
370.896483	8	3	3	0	1	2	2	4199	136	42	22253	5	2	89	0	0	0	0	0	0	0	0	0	0	0	0	0	0	
371.903033	8	3	3	0	1	2	2	4198	130	42	22314	5	2	89	0	0	0	0	0	0	0	0	0	0	0	0	0	0	
372.889433	8	3	3	0	1	2	2	4199	126	42	22373	5	2	89	0	0	0	0	0	0	0	0	0	0	0	0	0	0	
373.894567	8	3	3	0	1	2	2	4198	122	42	22433	5	2	89	0	0	0	0	0	0	0	0	0	0	0	0	0	0	
374.899683	8	3	3	0	1	2	2	4199	117	42	22493	5	2	89	0	0	0	0	0	0	0	0	0	0	0	0	0	0	
375.904800	8	3	3	0	1	2	2	4198	113	42	22554	5	2	89	0	0	0	0	0	0	0	0	0	0	0	0	0	0	
376.892633	8	3	3	0	1	2	2	4198	108	42	22613	5	2	89	0	0	0	0	0	0	0	0	0	0	0	0	0	0	
377.897767	8	3	3	0	1	2	2	4198	105	42	22673	5	2	89	0	0	0	0	0	0	0	0	0	0	0	0	0	0	
378.902883	8	3	3	0	1	2	2	4199	101	42	22734	5	2	89	0	0	0	0	0	0	0	0	0	0	0	0	0	0	
379.889283	8	3	3	0	1	2	2	4198	98	42	22793	5	2	89	0	0	0	0	0	0	0	0	0	0	0	0	0	0	
380.894400	8	3	3	0	1	2	2	4198	94	42	22853	5	2	89	0	0	0	0	0	0	0	0	0	0	0	0	0	0	
381.900967	8	3	3	0	1	2	2	4198	91	42	22913	5	2	89	0	0	0	0	0	0	0	0	0	0	0	0	0	0	
382.906083	8	3	3	0	1	2	2	4198	87	42	22974	5	2	89	0	0	0	0	0	0	0	0	0	0	0	0	0	0	
383.892483	8	3	3	0	1	2	2	4199	85	42	23033	5	2	89	0	0	0	0	0	0	0	0	0	0	0	0	0	0	
384.897600	8	3	3	0	1	2	2	4199	82	42	23093	5	2	89	0	0	0	0	0	0	0	0	0	0	0	0	0	0	
385.902717	8	3	3	0	1	2	2	4198	78	42	23154	5	2	89	0	0	0	0	0	0	0	0	0	0	0	0	0	0	
386.889117	8	3	3	0	1	2	2	4198	76	42	23213	5	2	89	0	0	0	0	0	0	0	0	0	0	0	0	0	0	
387.895683	8	3	3	0	1	2	2	4199	73	42	23273	5	2	89	0	0	0	0	0	0	0	0	0	0	0	0	0	0	
388.900800	8	3	3	0	1	2	2	4199	70	42	23333	5	2	89	0	0	0	0	0	0	0	0	0	0	0	0	0	0	
389.905917	8	3	3	0	1	2	2	4198	67	42	23394	5	2	89	0	0	0	0	0	0	0	0	0	0	0	0	0	0	
390.384000	8	6	3	0	2	7	1	3966	-861	42	23422	5	3	0	0	0	0	0	0	0	0	0	0	0	0	0	0	0	
390.893767	8	6	3	0	2	7	1	3788	-1350	42	23453	5	3	0	0	0	0	0	0	0	0	0	0	0	0	0	0	0	
391.898883	8	6	3	0	2	7	1	3759	-1349	42	23513	5	3	2	0	0	0	0	0	0	0	0	0	0	0	0	0	0	
392.905433	8	6	3	0	2	7	1	3736	-1350	42	23574	5	3	4	0	0	0	0	0	0	0	0	0	0	0	0	0	0	
393.891833	8	6	3	0	2	7	1	3721	-1349	42	23633	5	3	5	0	0	0	0	0	0	0	0	0	0	0	0	0	0	
394.896967	8	6	3	0	2	7	1	3702	-1349	42	23693	5	3	7	0	0	0	0	0	0	0	0	0	0	0	0	0	0	
395.902083	8	6	3	0	2	7	1	3683	-1350	42	23753	5	3	9	0	0	0	0	0	0	0	0	0	0	0	0	0	0	
396.888483	8	6	3	0	2	7	1	3667	-1350	42	23813	5	3	10	0	0	0	0	0	0	0	0	0	0	0	0	0	0	
397.893600	8	6	3	0	2	7	1	3652	-1350	42	23873	5	3	12	0	0	0	0	0	0	0	0	0	0	0	0	0	0	
398.900167	8	6	3	0	2	7	1	3637	-1349	42	23933	5	3	14	0	0	0	0	0	0	0	0	0	0	0	0	0	0	
399.905283	8	6	3	0	2	7	1	3621	-1349	42	23994	5	3	15	0	0	0	0	0	0	0	0	0	0	0	0	0	0	
400.891683	8	6	3	0	2	7	1	3606	-1349	42	24053	5	3	17	0	0	0	0	0	0	0	0	0	0	0	0	0	0	
401.896800	8	6	3	0	2	7	1	3592	-1350	42	24113	5	3	18	0	0	0	0	0	0	0	0	0	0	0	0	0	0	
402.901917	8	6	3	0	2	7	1	3578	-1349	42	24173	5	3	20	0	0	0	0	0	0	0	0	0	0	0	0	0	0	
403.889767	8	6	3	0	2	7	1	3565	-1349	42	24233	5	3	22	0	0	0	0	0	0	0	0	0	0	0	0	0	0	
404.894883	8	6	3	0	2	7	1	3551	-1351	42	24293	5	3	23	0	0	0	0	0	0	0	0	0	0	0	0	0	0	
405.900000	8	6	3	0	2	7	1	3538	-1350	42	24353	5	3	25	0	0	0	0	0	0	0	0	0	0	0	0	0	0	
406.905117	8	6	3	0	2	7	1	3526	-1349	42	24414	5	3	27	0	0	0	0	0	0	0	0	0	0	0	0	0	0	
407.891517	8	6	3	0	2	7	1	3514	-1349	42	24473	5	3	28	0	0	0	0	0	0	0	0	0	0	0	0	0	0	
408.898083	8	6	3	0	2	7	1	3502	-1350	42	24533	5	3	30	0	0	0	0	0	0	0	0	0	0	0	0	0	0	
409.903200	8	6	3	0	2	7	1	3491	-1350	42	24593	5	3	32	0	0	0	0	0	0	0	0	0	0	0	0	0	0	
410.908317	8	6	3	0	2	7	1	3480	-1350	42	24654	5	3	34	0	0	0	0	0	0	0	0	0	0	0	0	0	0	
411.894717	8	6	3	0	2	7	1	3469	-1351	42	24713	5	3	35	0	0	0	0	0	0	0	0	0	0	0	0	0	0	
