Time	Status code	Status category	Status color	Pgm code	Pgm step	Pgm para	Pgm cycle	mV	mA	Temperature	Duration	Charge count	Discharge count	Capacity	Analog input 1	Analog input 2	Analog input 3	Analog input 4	Digital input 1	Digital input 2	Digital input 3	Digital input 4	Digital output 1	Digital output 2	Digital output 3	Digital output 4	Analog output 1	Analog output 2	
0.000000	8	4	3	0	1	3	2	2848	67	25	2	1	0	0	0	0	0	0	0	0	0	0	0	0	0	0	0	0	
0.876967	8	4	3	0	1	3	2	2951	67	26	54	1	0	0	0	0	0	0	0	0	0	0	0	0	0	0	0	0	
1.454400	8	3	3	0	1	2	2	3330	677	27	89	2	0	0	0	0	0	0	0	0	0	0	0	0	0	0	0	0	
1.873433	8	3	3	0	1	2	2	3526	675	28	114	2	0	0	0	0	0	0	0	0	0	0	0	0	0	0	0	0	
2.869917	8	3	3	0	1	2	2	3639	674	29	174	2	0	0	0	0	0	0	0	0	0	0	0	0	0	0	0	0	
3.864967	8	3	3	0	1	2	2	3736	674	32	234	2	0	0	0	0	0	0	0	0	0	0	0	0	0	0	0	0	
4.880167	8	3	3	0	1	2	2	3793	675	35	295	2	0	0	0	0	0	0	0	0	0	0	0	0	0	0	0	0	
5.876633	8	3	3	0	1	2	2	3846	675	38	354	2	0	0	0	0	0	0	0	0	0	0	0	0	0	0	0	0	
6.871683	8	3	3	0	1	2	2	3876	675	40	414	2	0	0	0	0	0	0	0	0	0	0	0	0	0	0	0	0	
7.868167	8	3	3	0	1	2	2	3900	675	41	474	2	0	0	0	0	0	0	0	0	0	0	0	0	0	0	0	0	
8.866083	8	3	3	0	1	2	2	3943	674	43	534	2	0	0	0	0	0	0	0	0	0	0	0	0	0	0	0	0	
9.879833	8	3	3	0	1	2	2	3947	675	45	595	2	0	0	0	0	0	0	0	0	0	0	0	0	0	0	0	0	
10.876317	8	3	3	0	1	2	2	3941	673	46	654	2	0	0	0	0	0	0	0	0	0	0	0	0	0	0	0	0	
11.869917	8	3	3	0	1	2	2	3949	675	48	714	2	0	0	0	0	0	0	0	0	0	0	0	0	0	0	0	0	
12.875033	8	3	3	0	1	2	2	3952	675	49	774	2	0	0	0	0	0	0	0	0	0	0	0	0	0	0	0	0	
13.880167	8	3	3	0	1	2	2	3958	675	47	835	2	0	0	0	0	0	0	0	0	0	0	0	0	0	0	0	0	
14.866567	8	3	3	0	1	2	2	3965	673	49	894	2	0	0	0	0	0	0	0	0	0	0	0	0	0	0	0	0	
15.871683	8	3	3	0	1	2	2	3950	676	51	954	2	0	0	0	0	0	0	0	0	0	0	0	0	0	0	0	0	
16.878233	8	3	3	0	1	2	2	3955	675	52	1014	2	0	0	0	0	0	0	0	0	0	0	0	0	0	0	0	0	
17.864633	8	3	3	0	1	2	2	3946	674	53	1074	2	0	0	0	0	0	0	0	0	0	0	0	0	0	0	0	0	
18.869767	8	3	3	0	1	2	2	3955	675	54	1134	2	0	0	0	0	0	0	0	0	0	0	0	0	0	0	0	0	
19.874883	8	3	3	0	1	2	2	3956	674	55	1194	2	0	0	0	0	0	0	0	0	0	0	0	0	0	0	0	0	
20.880000	8	3	3	0	1	2	2	3948	674	55	1255	2	0	0	0	0	0	0	0	0	0	0	0	0	0	0	0	0	
21.866400	8	3	3	0	1	2	2	3978	675	56	1314	2	0	0	0	0	0	0	0	0	0	0	0	0	0	0	0	0	
22.871517	8	3	3	0	1	2	2	3984	675	57	1374	2	0	0	0	0	0	0	0	0	0	0	0	0	0	0	0	0	
23.876633	8	3	3	0	1	2	2	3990	674	57	1434	2	0	0	0	0	0	0	0	0	0	0	0	0	0	0	0	0	
24.883200	8	3	3	0	1	2	2	4013	675	57	1495	2	0	0	0	0	0	0	0	0	0	0	0	0	0	0	0	0	
25.869600	8	3	3	0	1	2	2	4008	674	58	1554	2	0	0	0	0	0	0	0	0	0	0	0	0	0	0	0	0	
26.874717	8	3	3	0	1	2	2	4010	676	58	1614	2	0	0	0	0	0	0	0	0	0	0	0	0	0	0	0	0	
27.879833	8	3	3	0	1	2	2	4023	674	58	1675	2	0	0	0	0	0	0	0	0	0	0	0	0	0	0	0	0	
28.866233	8	3	3	0	1	2	2	4014	674	58	1734	2	0	0	0	0	0	0	0	0	0	0	0	0	0	0	0	0	
29.871367	8	3	3	0	1	2	2	4033	676	58	1794	2	0	0	0	0	0	0	0	0	0	0	0	0	0	0	0	0	
30.880800	8	3	3	0	1	2	2	4025	674	58	1855	2	0	0	0	0	0	0	0	0	0	0	0	0	0	0	0	0	
31.867200	8	3	3	0	1	2	2	4026	675	58	1914	2	0	0	0	0	0	0	0	0	0	0	0	0	0	0	0	0	
32.872317	8	3	3	0	1	2	2	4019	674	58	1974	2	0	0	0	0	0	0	0	0	0	0	0	0	0	0	0	0	
33.877433	8	3	3	0	1	2	2	4028	674	58	2034	2	0	0	0	0	0	0	0	0	0	0	0	0	0	0	0	0	
34.884000	8	3	3	0	1	2	2	4021	676	58	2095	2	0	0	0	0	0	0	0	0	0	0	0	0	0	0	0	0	
35.870400	8	3	3	0	1	2	2	4015	674	58	2154	2	0	0	0	0	0	0	0	0	0	0	0	0	0	0	0	0	
36.875517	8	3	3	0	1	2	2	4023	675	58	2214	2	0	0	0	0	0	0	0	0	0	0	0	0	0	0	0	0	
37.880633	8	3	3	0	1	2	2	4030	675	58	2275	2	0	0	0	0	0	0	0	0	0	0	0	0	0	0	0	0	
38.867033	8	3	3	0	1	2	2	4032	675	58	2334	2	0	0	0	0	0	0	0	0	0	0	0	0	0	0	0	0	
39.872167	8	3	3	0	1	2	2	4032	675	57	2394	2	0	0	0	0	0	0	0	0	0	0	0	0	0	0	0	0	
40.877283	8	3	3	0	1	2	2	4031	675	58	2454	2	0	0	0	0	0	0	0	0	0	0	0	0	0	0	0	0	
41.883833	8	3	3	0	1	2	2	4035	675	57	2515	2	0	0	0	0	0	0	0	0	0	0	0	0	0	0	0	0	
42.870233	8	3	3	0	1	2	2	4040	676	57	2574	2	0	0	0	0	0	0	0	0	0	0	0	0	0	0	0	0	
43.875367	8	3	3	0	1	2	2	4043	674	57	2634	2	0	0	0	0	0	0	0	0	0	0	0	0	0	0	0	0	
44.880483	8	3	3	0	1	2	2	4046	674	57	2694	2	0	0	0	0	0	0	0	0	0	0	0	0	0	0	0	0	
45.866883	8	3	3	0	1	2	2	4051	675	57	2754	2	0	0	0	0	0	0	0	0	0	0	0	0	0	0	0	0	
46.872000	8	3	3	0	1	2	2	4053	675	57	2814	2	0	0	0	0	0	0	0	0	0	0	0	0	0	0	0	0	
47.878567	8	3	3	0	1	2	2	4057	674	57	2874	2	0	0	0	0	0	0	0	0	0	0	0	0	0	0	0	0	
48.883683	8	3	3	0	1	2	2	4060	676	57	2935	2	0	0	0	0	0	0	0	0	0	0	0	0	0	0	0	0	
49.870083	8	3	3	0	1	2	2	4062	676	56	2994	2	0	0	0	0	0	0	0	0	0	0	0	0	0	0	0	0	
50.875200	8	3	3	0	1	2	2	4064	674	56	3054	2	0	0	0	0	0	0	0	0	0	0	0	0	0	0	0	0	
51.880317	8	3	3	0	1	2	2	4066	675	56	3114	2	0	0	0	0	0	0	0	0	0	0	0	0	0	0	0	0	
52.866717	8	3	3	0	1	2	2	4069	675	56	3174	2	0	0	0	0	0	0	0	0	0	0	0	0	0	0	0	0	
53.871833	8	3	3	0	1	2	2	4071	675	56	3234	2	0	0	0	0	0	0	0	0	0	0	0	0	0	0	0	0	
54.876967	8	3	3	0	1	2	2	4075	675	56	3294	2	0	0	0	0	0	0	0	0	0	0	0	0	0	0	0	0	
55.883517	8	3	3	0	1	2	2	4079	675	56	3355	2	0	0	0	0	0	0	0	0	0	0	0	0	0	0	0	0	
56.869917	8	3	3	0	1	2	2	4083	675	56	3414	2	0	0	0	0	0	0	0	0	0	0	0	0	0	0	0	0	
57.875033	8	3	3	0	1	2	2	4089	674	55	3474	2	0	0	0	0	0	0	0	0	0	0	0	0	0	0	0	0	
58.880167	8	3	3	0	1	2	2	4093	674	55	3534	2	0	0	0	0	0	0	0	0	0	0	0	0	0	0	0	0	
59.866567	8	3	3	0	1	2	2	4098	675	55	3594	2	0	0	0	0	0	0	0	0	0	0	0	0	0	0	0	0	
60.871683	8	3	3	0	1	2	2	4120	669	54	3654	2	0	0	0	0	0	0	0	0	0	0	0	0	0	0	0	0	
