Time	Status code	Status category	Status color	Pgm code	Pgm step	Pgm para	Pgm cycle	mV	mA	Temperature	Duration	Charge count	Discharge count	Capacity	Analog input 1	Analog input 2	Analog input 3	Analog input 4	Digital input 1	Digital input 2	Digital input 3	Digital input 4	Digital output 1	Digital output 2	Digital output 3	Digital output 4	Analog output 1	Analog output 2	
0.000000	8	3	3	0	1	2	2	3961	261	24	2	1	0	0	0	0	0	0	0	0	0	0	0	0	0	0	0	0	
0.833767	8	3	3	0	1	2	2	4122	669	24	52	1	0	0	0	0	0	0	0	0	0	0	0	0	0	0	0	0	
1.833117	8	3	3	0	1	2	2	4132	664	25	112	1	0	0	0	0	0	0	0	0	0	0	0	0	0	0	0	0	
2.832483	8	3	3	0	1	2	2	4142	663	26	172	1	0	0	0	0	0	0	0	0	0	0	0	0	0	0	0	0	
3.846233	8	3	3	0	1	2	2	4133	659	28	233	1	0	0	0	0	0	0	0	0	0	0	0	0	0	0	0	0	
4.842717	8	3	3	0	1	2	2	4116	659	30	292	1	0	0	0	0	0	0	0	0	0	0	0	0	0	0	0	0	
5.837767	8	3	3	0	1	2	2	4119	658	34	352	1	0	0	0	0	0	0	0	0	0	0	0	0	0	0	0	0	
6.834233	8	3	3	0	1	2	2	4146	654	37	412	1	0	0	0	0	0	0	0	0	0	0	0	0	0	0	0	0	
7.849433	8	3	3	0	1	2	2	4157	651	40	473	1	0	0	0	0	0	0	0	0	0	0	0	0	0	0	0	0	
8.844483	8	3	3	0	1	2	2	4157	650	41	532	1	0	0	0	0	0	0	0	0	0	0	0	0	0	0	0	0	
9.840967	8	3	3	0	1	2	2	4170	648	44	592	1	0	0	0	0	0	0	0	0	0	0	0	0	0	0	0	0	
10.836000	8	3	3	0	1	2	2	4160	648	46	652	1	0	0	0	0	0	0	0	0	0	0	0	0	0	0	0	0	
11.832483	8	3	3	0	1	2	2	4157	648	48	712	1	0	0	0	0	0	0	0	0	0	0	0	0	0	0	0	0	
12.846233	8	3	3	0	1	2	2	4160	646	50	773	1	0	0	0	0	0	0	0	0	0	0	0	0	0	0	0	0	
13.839833	8	3	3	0	1	2	2	4179	641	49	832	1	0	0	0	0	0	0	0	0	0	0	0	0	0	0	0	0	
14.846400	8	3	3	0	1	2	2	4157	644	51	892	1	0	0	0	0	0	0	0	0	0	0	0	0	0	0	0	0	
15.832800	8	3	3	0	1	2	2	4164	643	52	952	1	0	0	0	0	0	0	0	0	0	0	0	0	0	0	0	0	
16.837917	8	3	3	0	1	2	2	4185	639	54	1012	1	0	0	0	0	0	0	0	0	0	0	0	0	0	0	0	0	
17.843033	8	3	3	0	1	2	2	4190	639	55	1072	1	0	0	0	0	0	0	0	0	0	0	0	0	0	0	0	0	
18.848167	8	3	3	0	1	2	2	4199	603	56	1133	1	0	0	0	0	0	0	0	0	0	0	0	0	0	0	0	0	
19.834567	8	3	3	0	1	2	2	4198	608	57	1192	1	0	0	0	0	0	0	0	0	0	0	0	0	0	0	0	0	
20.841117	8	3	3	0	1	2	2	4198	582	58	1252	1	0	0	0	0	0	0	0	0	0	0	0	0	0	0	0	0	
21.846233	8	3	3	0	1	2	2	4198	565	58	1312	1	0	0	0	0	0	0	0	0	0	0	0	0	0	0	0	0	
22.832633	8	3	3	0	1	2	2	4198	556	59	1372	1	0	0	0	0	0	0	0	0	0	0	0	0	0	0	0	0	
23.837767	8	3	3	0	1	2	2	4198	541	59	1432	1	0	0	0	0	0	0	0	0	0	0	0	0	0	0	0	0	
24.842883	8	3	3	0	1	2	2	4198	553	60	1492	1	0	0	0	0	0	0	0	0	0	0	0	0	0	0	0	0	
25.849433	8	3	3	0	1	2	2	4198	558	60	1553	1	0	0	0	0	0	0	0	0	0	0	0	0	0	0	0	0	
26.835833	8	3	3	0	1	2	2	4199	504	60	1612	1	0	0	0	0	0	0	0	0	0	0	0	0	0	0	0	0	
27.840967	8	3	3	0	1	2	2	4198	498	60	1672	1	0	0	0	0	0	0	0	0	0	0	0	0	0	0	0	0	
28.002233	8	9	4	0	0	14	0	4083	0	61	1681	0	0	0	0	0	0	0	0	0	0	0	0	0	0	0	0	0	
28.009433	8	9	4	0	0	14	0	4004	0	61	1681	0	0	0	0	0	0	0	0	0	0	0	0	0	0	0	0	0	
28.031033	9	0	6	0	0	16	0	4002	0	61	1681	0	0	0	0	0	0	0	0	0	0	0	0	0	0	0	0	0	
